3.548357447311187296e-01
2.324527799840895304e-01
-1.273353689130559026e-02
1.865556996261202582e-01
4.241870185524816428e-01
2.776468498077568348e-01
-8.224588482774740361e-02
1.423165320970950221e-01
2.643258778221363806e-02
3.105926285456262481e-01
-6.035368964409942860e-01
-6.586987031751675437e-01
-3.268766436961853539e-01
8.883171550357632507e-02
-1.420873441370770207e-01
1.106926450304111104e-01
2.715440119475879821e-01
3.540770895665075746e-01
3.179968880920241436e-01
6.717870040188106406e-01
6.990653845348043793e-01
6.055235619610551678e-01
8.343951554435927731e-01
8.290865593936775912e-01
8.715534062255022585e-01
7.790574613253281600e-01
8.528665119493333835e-01
5.013205375963696309e-01
3.297926888179753546e-01
2.500516216066271391e-01
2.228521903512889202e-01
5.799984099714914354e-01
4.278138757122710301e-01
4.841206138106234902e-01
4.629466186682134055e-01
2.379746707274662809e-01
5.498866902956375258e-01
4.367747779867119928e-01
3.919439006881040299e-01
5.704537316522122481e-01
6.699823594888307809e-01
9.196634490185606747e-01
7.428825070577174117e-01
3.785204561109125065e-01
3.101790749000840619e-01
8.597058460903336807e-02
3.946948445260398675e-01
5.787330087495812236e-01
6.228256917993599817e-01
5.277173202342216873e-01
2.521604168951450675e-01
1.776343273880968965e-01
-8.197841666016808526e-02
3.526023047771433272e-01
7.523783905266862027e-02
3.047595643130116549e-01
2.678677325589370328e-01
7.110634161515241858e-02
7.068422683111758031e-01
6.797585944884224629e-01
7.349334841944901164e-01
1.461999761923345464e-01
9.549296138963171351e-03
1.373757084093657661e-02
2.305189282122778183e-01
-1.002792076800439330e-01
1.527071700583710820e-02
-2.466091831696579362e-01
-5.458693081739837138e-01
-4.127725443687332296e-01
-3.446027559059904738e-02
-4.296032830544151970e-01
2.875234594244497136e-02
-1.900474750792614104e-02
4.620171203630854539e-01
-1.897214538686621266e-01
1.862787992594491238e-01
4.922356403035635375e-01
7.327689086526486539e-01
5.835214059527515928e-01
6.109760605366649777e-01
7.949209227815303702e-01
7.817630519998338690e-01
4.385703414082794405e-01
7.607335660050447146e-01
9.682174876736808766e-01
1.036855580310711122e+00
1.008051481246121872e+00
1.003787464384024108e+00
1.120345555374462787e+00
1.130615453553859950e+00
1.022786088987652997e+00
7.417414150430375885e-01
9.045377650945782833e-01
2.654771055344416486e-01
3.693742529435931066e-01
4.880109180457535833e-01
6.535664392062461303e-01
6.983027903543099768e-01
5.962674548462540969e-01
7.336657918395207423e-01
6.520963674653940112e-01
8.462120188766928397e-01
6.079888449260794081e-01
6.956312036495778672e-01
1.015843970642448024e+00
1.174828562894408623e+00
1.109600164465967653e+00
1.111015862643357055e+00
8.910549815138617546e-01
9.301900187001297393e-01
8.114930285872163918e-01
1.066877789684090638e+00
-4.724838286687248201e-02
-3.595406301254868153e-01
-4.486646747445179884e-01
-2.938584926617847648e-01
-2.648193526716055568e-01
-1.011302528583053612e-01
8.307948533891873488e-02
1.949705996034150068e-01
1.342518248682871874e-02
-2.463477468052836516e-01
2.210313394327769743e-01
2.072416178972536216e-01
2.905047377974003253e-01
4.505070616833702912e-01
6.388742460744637475e-01
7.994412051371256878e-01
4.448726439282937872e-01
9.118794773832373801e-01
1.211481766373569302e+00
1.231331542064463269e+00
1.210418524592131950e+00
1.218763046335391120e+00
1.316033413531885632e+00
9.185446060087746334e-01
8.173610884346885763e-01
1.231586564500726899e+00
8.248880099999081894e-01
9.040280199721428822e-01
-1.078722460803658745e+00
-1.212617755588915491e+00
2.946320596342376641e-01
7.718078928124314508e-01
-1.139587922730238345e+00
6.151488550730059846e-01
2.992981900129973449e-01
7.808697876679715488e-01
-2.088641106109337731e+00
-2.605954532642086541e+00
-1.384945500205549962e+00
-9.570865444973190028e-01
-1.987664267068701696e+00
-1.703075131808672316e+00
-2.497284241465063115e+00
-2.087354472811628447e+00
-1.885543758508528400e+00
-1.787087576969582425e+00
-2.391545281555250035e+00
-3.239595890176278026e+00
-1.850335533312704062e+00
-5.937855606475513914e-01
-8.199484559061640671e-03
-1.129680877752095164e-01
2.703924517239048031e-01
7.438771684690802521e-01
5.590068355086408314e-01
8.180064958937132147e-01
9.483036150512988982e-01
1.086671125245475489e+00
9.145985488933418006e-01
4.376426829845048716e-01
1.074979596295445372e+00
1.190665598053150642e+00
1.041655016798513689e+00
1.075877091455216705e+00
1.370388744608368015e+00
7.477973767359057389e-01
1.120966265932239248e+00
7.037536185413179046e-01
1.092870732781065835e+00
1.109506362007120606e+00
9.028885941784560443e-02
7.348547326197674145e-01
8.676925982679158933e-01
9.048127989027774376e-01
2.485591877731938848e-01
6.933755520567704833e-01
5.012546472728039992e-01
6.550378685499164133e-01
9.847977070624456264e-01
8.521516359963480225e-01
5.195382223176021608e-01
6.637354180264679604e-01
3.298495286954354344e-01
1.722909069184705155e-01
2.404548614701529918e-01
-8.655141646085945384e-01
7.340849909853462696e-02
-2.596145466784497424e-01
2.273243147057107394e-01
2.967971684219773976e-01
-3.036665892611693507e-01
-4.257877590262120204e-01
9.340970929888467444e-02
-3.106734324666706737e-01
-9.586289598118312438e-02
-5.385499427443120046e-01
-1.036620217824482548e+00
-2.613981164968445903e+00
-1.217261608371429382e+00
-2.713733146475679758e-01
8.029476917820049797e-02
-8.201706626756131990e-02
3.555158000574077937e-01
4.276937705072084706e-01
4.832194212138917755e-01
5.385805387299471558e-01
5.201714478181076462e-01
7.065708639239584032e-01
8.613100917957334790e-01
-1.488722756435675310e-01
-2.270869985205676400e+00
-6.689897914283853275e-01
5.469931607530212903e-01
3.890521396095860673e-01
9.814823361910207655e-01
6.789854292638228817e-01
2.168231410703953810e-01
-3.111798057221179178e-02
-1.061654761238595368e+00
-2.082646732965952818e+00
-1.696324822458729731e+00
-8.486982129420327370e-01
-4.844549235894047290e-01
-5.398151559947750311e-01
4.753604902280184757e-02
2.735347676906047312e-02
1.330274100346328925e-01
4.189690426502372667e-01
4.951547935540906442e-01
-7.527725916354340852e-01
-2.007214385404907819e+00
-1.815767649936367523e+00
-1.249441394694851493e+00
-9.035590261093214837e-01
-4.329527971465628733e-01
-7.270295297049906846e-01
-1.623644861461865929e-01
4.696234553410172374e-01
8.418819365948174704e-01
2.891816130348123237e-01
3.909777325743812315e-01
-8.916161604764021309e-01
-7.718507388101789046e-02
3.742434962083118211e-01
6.066211689356801884e-01
-4.355590298240028524e-01
1.930751378630731763e-01
1.679434472088574548e-01
3.885356957375587506e-01
7.628120951842173314e-01
3.370387124501190712e-01
-7.827918366851618903e-02
1.027997835278707806e+00
1.049192170671194635e+00
5.709168533917138300e-01
4.842594609776860737e-01
-2.337004151384220185e-01
3.915859601372171928e-01
-2.858169770950144128e-01
6.279347709921109973e-03
-6.143745564077925103e-02
-1.866749363100472237e-01
-6.220738748141847463e-01
9.570036759105610136e-02
-6.477399440527150665e-01
-8.483694922508141500e-01
-1.067903169314961209e+00
-4.974635353559541118e-01
-9.661976194830117493e-01
-8.237669953169733938e-01
-1.021946519029128142e+00
-6.678753246897974893e-01
-1.056124446346006662e+00
-4.761702665182464544e-01
-1.369514362881125991e-02
2.078730224487307376e-01
-1.292882405231367660e+00
-3.566053282246801071e-01
-6.464039450969258915e-01
1.814292978080889185e-01
6.078814802173577725e-01
1.427142161449427571e-01
3.187032897403482834e-01
3.035592505515920525e-01
7.345500864185244838e-01
7.444168976230676193e-01
8.097981443181717642e-01
5.303802126945921236e-01
7.085164238201769882e-01
3.967900070966858678e-02
-7.128814198460026175e-01
-1.562813698954998110e+00
-2.426112389019056348e+00
-1.208608324577400639e+00
-2.515864476392323024e+00
-2.833450155857968333e-01
-2.449239321727027185e+00
-1.495366439726708130e+00
-3.053596271263104844e-01
-5.041702122706094302e-01
-1.847295382620209037e-01
2.591759331726897764e-01
2.146421699316856391e-01
4.377128400112608175e-01
5.776828480034302826e-01
4.896982931712897669e-01
3.558099095110563437e-01
2.029100195628626979e-01
3.638292520066024882e-01
6.086939806208805370e-01
8.550762835513162630e-01
1.216965257595707950e+00
3.038333820281429176e-01
-2.105406037378587669e+00
-3.856721773973405543e-01
1.093939719445290726e-01
-2.481346873052161506e+00
-1.186857131056824471e-01
2.058065620872079338e-01
2.105769786508228936e-01
1.329389747254770826e-01
-2.792136645834661368e-01
-3.926736908348888444e-01
5.155135270632008049e-03
3.239063796377895099e-01
4.661709251906611673e-01
2.819871065186471126e-01
2.364212784207555540e-01
7.241267750435480266e-02
5.962187431682255401e-01
8.425707950847552974e-01
4.970951813973700228e-01
7.500818762500890413e-01
7.794018953615564627e-01
4.647470171969549368e-01
4.536763164776942969e-01
2.881685873709082801e-01
3.745970364789075191e-01
8.553112380332437287e-03
3.203998743897010226e-01
6.221646413969464939e-01
-6.127192949313273740e-01
-4.628882209720641128e-01
1.376071805543518656e-01
-4.730321260371788683e-01
-1.211580087052546439e-01
9.702627805109481640e-01
1.120894271693080979e+00
-2.908765217559984850e-01
2.272389547714547819e-01
6.148867941819342597e-01
3.719495565044332319e-01
8.657365699316588170e-01
8.267602995143922273e-01
4.817712955386181939e-01
-7.023641907759909514e-03
7.200709651218022422e-01
1.604873322816488868e+00
3.552519089805861174e-01
5.843691918022854148e-01
7.574364236952741969e-01
8.288465717911145392e-01
9.497695760454687441e-01
7.063428400014701847e-01
1.059073267579881072e+00
7.979345172963131505e-01
2.478175017805187841e-01
-2.067644600963682577e-01
2.519377160861193676e-01
6.300348553578716260e-01
7.509352218392248979e-01
6.965230147818365358e-01
2.685080729377886111e-01
6.674517208822623449e-01
1.033773677111110789e+00
7.304810353590522887e-01
8.194481588322488630e-01
7.717449654383131685e-01
4.191030346204228652e-01
6.703224051040350684e-01
5.621612084711508084e-01
6.819741341767490139e-01
-2.585229600808955919e-01
2.151154013564561263e-01
6.371148846268872568e-01
6.728373756560788177e-01
4.558660660519227026e-01
3.857008141708603063e-03
-6.835983769841564861e-01
-1.588247561636099980e-01
3.102241615877922021e-01
6.415364591967096519e-01
-1.761991151935930200e-01
8.467287615123950117e-02
4.297115944200938231e-02
-3.601427889810058236e-01
-1.768584341249954894e+00
-1.544707943616224322e+00
-4.475344141401736975e-01
1.721624369654701364e-02
3.234954182378840803e-01
-8.237323004681817995e-02
-6.199640040951051034e-01
-4.706874642424155875e-01
-2.167822509081899496e-01
-3.288812441590903690e-01
-1.874343401806938481e+00
-3.671447524188009570e-01
1.998329375168344801e-01
9.691971516744475601e-02
-1.240979673013048457e+00
-1.297413918549931378e+00
-1.349407890815775168e+00
-9.858806428431747815e-01
-6.480930173669847694e-01
-9.329299239128638899e-01
-1.694127397481399067e+00
-2.050109678515411371e+00
-2.277891074897587131e+00
-1.698979327552686547e+00
-6.839536323220464231e-01
-4.052358869812688336e-01
-9.682157200582902634e-02
-3.105464965401567023e-01
-3.781832686704785229e-01
-1.194787473531607969e+00
-7.302479819727822896e-01
-1.553691543795427399e-01
-8.182514455235520012e-01
-6.627419358623051204e-01
-3.329923123895026649e-01
4.478657755351004438e-02
4.882221808799861451e-01
1.988233936896998955e-01
-5.865569674349243590e-01
-1.244548259473405027e-01
3.986534927226052516e-01
7.680759703423377660e-01
7.284314770354353152e-01
7.227304073768391346e-01
6.400845577927152252e-01
7.111767477731524290e-01
7.764136996858788109e-01
3.749540721807271826e-01
6.147763180348422285e-01
4.324012519994342996e-01
2.630312076859052661e-01
-1.247037634627566005e+00
-2.131561450389722001e+00
-1.302946477552776816e+00
-1.401903808711251642e+00
-1.718213680239442098e+00
-8.876534976520950027e-01
-7.559989520461256329e-02
-7.053797791384686100e-01
-4.288626509773815210e-01
-5.737670405101349402e-01
-5.566531545703737871e-01
-2.184674235382321417e+00
-1.354638435422280018e+00
-6.650489120441562818e-01
-1.519973564532020038e-01
-2.952319481203754536e-01
-1.643962398781714684e+00
-1.481198557178192265e+00
-1.384076390690534675e+00
-2.041983901263522583e+00
-2.087616923431340421e+00
-1.537540213989486704e+00
-2.328379653986450748e+00
-2.500513402953807862e+00
-1.199251607799740382e+00
1.553522596144431556e-01
2.613517606116974590e-01
1.752078869982701473e-02
-2.238361218223225424e-01
2.126197863687100675e-01
-2.791660081046635766e-01
3.127023429279018191e-02
5.053604322028050211e-01
5.689307661838890473e-01
4.941018831739190653e-01
6.809018970471690801e-01
4.069317525482197273e-01
6.512584719678548018e-01
5.446875889464084519e-01
4.839503634825407796e-01
5.248324089959360839e-01
6.799441162098168734e-02
-1.761167510431814520e+00
-9.315133395095283042e-01
-4.774773915683979686e-01
-1.541447498659292703e-01
-7.401825889944056713e-02
-1.215836550906028490e+00
-8.029219910793825576e-01
3.133793050873054931e-01
-2.749287507893434790e-01
5.518442386071131800e-01
8.234514907367066483e-01
-3.540449199211954667e-01
6.665746999713426657e-01
7.267712136804937995e-01
1.024746783700731578e+00
1.182859654970458863e+00
1.014586720290875599e+00
1.063369560831029847e+00
8.279388810785947017e-01
8.450095150479556283e-01
5.529620724226838036e-01
-3.312887370241252571e-01
-1.847290112106803051e+00
-1.035290261076560636e+00
1.465980035892179567e-01
7.458726979435604809e-01
-1.699696669172528596e+00
-7.101958577947479201e-01
-4.349465017253217325e-01
1.882243070668429552e-01
4.426577016251646568e-01
3.462123405218661687e-01
-1.898271643976346512e+00
-2.366984176922851901e+00
-4.414378175098744306e-01
-1.767229038576136890e+00
-1.221966339620479181e+00
-1.973810022285717336e+00
-2.976614969823826673e+00
-9.547118236874785335e-01
-4.830649099676186387e-01
-9.635777599351221800e-01
-5.820624313505913527e-02
4.568851758445814371e-01
5.368496996335986315e-01
-4.546290759332465015e-02
3.437032807192526573e-01
5.498988266152922133e-01
-1.301493335225459624e+00
-3.609196508011195959e-01
-8.524336982995187051e-02
-2.497005489192369310e-01
-5.864643787319339108e-01
-2.024721522561087284e+00
-2.585962085107752273e+00
-1.968710387889685220e+00
-1.224637558935665949e+00
-7.946765556074218972e-01
-2.386165474944212384e-01
-4.482556703591036862e-01
-2.125338502522975848e+00
-1.323975672018700589e+00
-2.330243275493233401e-01
-1.334370492219266215e-02
1.817570835689604758e-01
4.796029262720705733e-01
-1.977079422364431682e-01
-8.966647670911579437e-01
-8.395780152376517425e-01
2.506919651036685348e-01
6.308476932411766214e-01
2.785524055197116100e-01
4.625084105666597001e-01
-1.153858879915456714e-01
3.060974615133381649e-01
8.854084604084123955e-02
1.694762954177619074e-01
-1.420545527683022557e-01
-4.403815442522794332e-01
-1.608815833876045431e+00
-2.007593097906788415e+00
-2.849553350362422854e+00
-2.298672355407469947e+00
-1.247155795561528002e+00
-9.572686728206821760e-01
-1.860498234313299415e+00
-2.050615648427184468e+00
-1.089861451110401447e+00
-1.858122881317546993e+00
-2.225059047673058732e+00
-1.874843527560376533e+00
-2.302320139590455117e+00
-1.787537524516654708e+00
-1.208150573910507647e-01
-7.729195913876141244e-01
-4.614279501091772540e-01
-2.284581391189654531e-01
-9.131092913348807238e-01
2.394586387048062981e-01
-1.221932183827953849e-01
4.241820726109942763e-01
9.337657850521706715e-01
9.276443742210515042e-01
3.685018101354810005e-01
-2.113220990464411975e-01
-1.143736017801399107e+00
-3.432011563449453018e-01
8.766626945730819631e-02
3.629615875031316774e-01
1.945890148555965427e-01
-2.994602798319505599e-01
-1.099254578439298857e+00
-2.157831197989160010e+00
-1.015498964094626366e+00
-1.022014438512018453e+00
-9.693439419079005193e-01
-7.353467081674165406e-01
-1.485376286808784529e+00
-2.287857780267788410e+00
-2.876310678469488291e+00
-1.329115518748101632e+00
-8.336882524771361824e-01
-6.742016839385873705e-01
-1.920327316772229453e+00
-1.183125938631571117e+00
-2.289269419593061627e+00
-1.964148595561466148e+00
-2.177467528879717396e+00
-1.103321970532735286e+00
-1.309085947472711009e+00
-1.818792145622473599e+00
-1.724575358014728943e+00
-2.135081810025836635e+00
-7.452982287733247446e-01
-4.712047900132848577e-02
2.700876532145516928e-01
2.631695854488628195e-01
1.682376357212348184e-01
1.525258715894715622e-01
3.038261371044470027e-01
8.173529669264063824e-02
2.740416949475396047e-01
-7.853536548304531628e-01
-2.794042561507729339e+00
-1.510540780468947020e+00
-5.342229817137877923e-01
-9.113906067490754603e-01
-6.826279621996953484e-01
-6.286994023643432961e-01
-1.240352514966888142e-01
-7.539639844017615999e-01
-9.481601638841714585e-01
-1.122771578220180810e+00
-1.878742324347638215e+00
-2.581925372177458211e+00
-2.454355891492328023e+00
-1.969270484912046593e+00
-8.406169593313258526e-01
-4.904460755569622910e-01
1.520523582293311082e-01
-1.525623250171067972e-02
2.411388119637413244e-02
2.321742252920676874e-01
-5.471140657986960365e-01
-6.448736542463992527e-02
-1.232151734322874254e-01
4.631262380991520988e-01
1.628702262040813975e-01
5.641578621244000002e-01
-8.031687097769832362e-02
4.689521103625373111e-01
5.257830992590484254e-01
-6.864010499609894678e-02
2.927946093028084285e-01
3.950252898759417652e-01
4.790464986979732775e-01
-5.193831543332183553e-01
-1.027811503401743487e-01
2.650998895334230054e-01
3.929537135727261266e-01
4.930307201342856716e-01
5.180409465866196994e-01
2.322649935200864768e-01
-1.939949843320980805e-01
-4.435432929892902387e-01
-4.487621598826776470e-01
-2.735661868623153192e-01
-1.630466245030554318e-01
4.341696231353295854e-01
5.740308901760886595e-01
-1.419844078469985615e-01
-5.521385403979941486e-01
-1.935332818065258254e+00
-7.310903822657180418e-02
-3.251035000051746282e-01
3.510987663874866604e-01
2.155653968978791246e-01
1.762933773162616083e-02
-5.312014975630240388e-01
-7.774617987219299975e-01
-9.022233327912521084e-01
-1.753634752865919355e-01
-3.353751658359829801e-01
-7.433776007210135539e-02
1.945116609474033531e-01
4.363963311479782670e-01
4.103799539223935700e-01
3.019178435454897280e-01
3.730297324992321029e-01
2.132296537894173838e-01
2.525555514180302108e-01
-2.660322199073708160e-03
2.801551258324714855e-01
2.220030107123067697e-01
3.417641645827728114e-01
1.752841112887501274e-01
-1.768563097941436013e-01
2.416631908914846083e-01
4.070448673384771121e-01
1.952435153876958540e-01
1.231487689350546921e-01
-5.251748703578663913e-02
4.015425224732265264e-01
-1.615724442503685410e-01
1.252985486755996483e-03
2.984900928888553073e-01
1.124677108778527612e-01
-8.600392116279025334e-01
-4.171829320157432464e-01
-3.076437204860726360e-01
-1.370120187594602301e-01
-8.230627953027888632e-02
-6.758375946894219777e-02
-1.095599476920549042e-01
-1.941919071603552191e-02
-7.433615445143884615e-02
-4.329621734726073479e-01
-6.208609558655133753e-01
-3.681376203968125260e-01
-1.282997158562886320e+00
-1.733430181032779571e-01
4.275885386405047783e-01
4.369316720631449269e-01
-2.129287569138795244e-01
-6.573634716475077466e-01
-1.357718508749689468e+00
-5.902288248561614603e-01
-2.206473997123372666e-01
8.254561408035454920e-04
-1.461492206531929960e-01
1.190168726443612129e-01
-4.199156410280145968e-01
-2.169979928144762038e+00
-1.744948014866203545e+00
-6.587961420647511224e-01
-8.820110715207343799e-03
2.466223647900240776e-02
4.061617927707685816e-01
1.579676639919894848e-02
-1.567975294815910636e-01
-1.649579340210383938e-01
-1.992664555283858371e-02
1.215239111067915045e-01
5.942849317870160103e-02
-5.888467848993793607e-01
-1.254728096846605911e+00
-2.939483521712895064e-01
-4.641494190612686088e-01
5.269763506577403167e-02
-4.102321245534631261e-02
-4.414199453704706899e-01
-1.905542983053741535e-01
-2.375075921699962844e-01
-2.065991858077516063e+00
-2.136160611948472177e+00
-1.617614866749535585e+00
-1.099298549845458828e-01
-3.644506125081885262e-02
-2.940798810890174475e-01
2.653792750194931549e-01
4.173881021306896089e-01
5.060024158079891032e-01
1.880731868994751366e-01
-3.808171243178249399e-01
-5.153711478200767582e-01
-1.991978413861396069e-01
-8.641634100548951647e-01
-2.230641055018478092e+00
-1.415711179399664177e+00
-1.264014156558372015e+00
-1.088054426248209028e+00
-1.699353842188294994e+00
-2.373814984898853453e+00
-1.687937697189267006e+00
-2.089808690948195213e+00
-2.532815273332420070e+00
-1.299774553675801414e+00
-3.311431698267762735e-01
2.063789272718647427e-01
2.378303824760195917e-01
3.591514284262749546e-01
3.054276080205038379e-01
2.579664181197896533e-01
-7.393559330056276302e-01
-6.709512555055238137e-01
-6.502404809763542848e-02
1.055664937840327354e-02
-4.319702580465292763e-01
-1.830316773935711128e+00
-1.054015224179476240e+00
-8.212284095744197543e-02
1.838652177553820044e-01
5.907294492366329530e-01
4.579652370034971165e-01
3.238335448014780793e-01
5.931296287842764414e-01
7.919223082046263906e-01
9.439211287774330605e-01
8.270294752930313908e-01
4.098002153128753045e-01
6.365863488370340217e-01
7.434808268372746776e-01
8.502686791782753106e-01
1.071963629440699506e-01
3.797904396511207481e-01
4.639662548808764497e-01
5.247628479498245291e-01
4.245273513497974105e-01
3.656626826445337208e-01
2.173982657547471053e-01
5.045890985707531806e-01
4.583934473786002162e-01
2.290096450482662083e-01
5.545742689637421785e-01
-3.139019700206862468e-02
2.648915152786554539e-01
2.396948968535249358e-01
8.052603160770505086e-02
4.250408860927459842e-01
6.607103922353556591e-01
6.246732510763645108e-01
1.658124818330927175e-01
-3.382985969216113498e-01
-5.690848506773552896e-03
-6.645812629141654160e-01
-2.021595619891470630e+00
-2.388958873029977337e+00
-1.060859606660296661e+00
-1.318049234721554441e+00
-2.474796823522494194e+00
-3.024900722916882945e+00
-1.005808168881573206e+00
-9.718583639304190225e-02
-2.287229138721404154e-01
1.660938243293736682e-01
3.527238842641615135e-01
2.855057011936549261e-01
3.295573906821704369e-01
-8.062189669541257597e-01
-7.439599718739965395e-01
-1.832209115838693281e-01
-3.840059162917579955e-02
-2.024061789702680247e-01
-1.047638818246399428e-01
-5.301715332675100978e-01
7.359373899928266238e-02
9.043074513689837446e-02
-6.549320741762603149e-01
-1.762153438578804243e+00
-8.125281747418917622e-01
4.368659284613949922e-01
2.147555773957280367e-01
3.104234820704712128e-01
4.766979526796872313e-01
7.599348237092472536e-01
2.774949990071086114e-01
-1.239985464864116649e+00
-4.344952474558765321e-01
5.199294983926443237e-02
-1.209056396716343462e+00
-2.403416897021662391e-01
1.782582415256390163e-01
-7.730475722011259654e-02
3.459431929462570832e-01
2.194711627845981061e-01
1.879425893919669799e-01
4.365300768134752762e-01
3.156906526676782621e-01
2.817628506126678145e-01
2.601155806958740935e-02
4.917119067826986045e-01
5.804567334974010558e-05
1.281291779324715274e-01
-1.110441833465585504e-01
1.335204197744108701e-01
2.183686554442742234e-01
-1.372966265122848917e+00
-2.447691392175471048e+00
-2.465485958424440405e+00
-1.027961459556305579e+00
-1.507878472215051557e+00
-2.361234175337114383e-01
-3.068707359972122628e-01
2.666562198603624756e-01
3.296097099452872936e-02
2.028266802832214832e-01
-4.087564274988112617e-02
1.073737383197371775e-01
7.168385551248189491e-02
2.090087014502192420e-01
-8.422920334984753676e-01
-3.441030053234436781e-01
-3.686208414824795332e-01
-1.288431199316591336e+00
-2.271294052529125196e+00
-8.619731777433823350e-01
-3.188841572826170423e-01
-7.000820596086400061e-01
-5.292262589439812315e-01
-1.933092856467112375e+00
-2.225425442234345574e+00
-1.486786927007706094e+00
-2.476957552934022921e-01
-3.945879453811174109e-01
4.608464679679823844e-02
-3.932033105917818738e-01
-3.843822736388530781e-01
-2.726819242030040225e-01
3.611963640259506503e-02
1.680138868363660609e-01
1.698070116507143790e-01
-1.280464974119266408e+00
-3.829451696171606856e-01
2.371716409847708928e-01
1.083189345862151931e-01
4.100214148769739109e-01
-1.872390673275171336e-01
-4.903185220143733147e-01
-6.284271113554570354e-01
-9.215352483583743037e-01
-6.144057685425216020e-01
-4.287635028532815196e-01
-3.327716061080162047e-01
-5.910110665694198184e-01
-1.258385989150012374e-01
-1.694771267020171446e-01
3.491252241777334508e-01
7.717162761709045471e-01
6.937501223880914170e-01
7.812806533380247664e-01
5.798377911011499686e-01
7.824751953106967584e-01
6.092920081459528570e-01
2.082730459828656955e-01
8.922233069686975881e-02
1.401062918181864014e-01
-5.533761116745706810e-01
1.062337366232706248e-01
5.907826088326060404e-02
1.485070481485695759e-01
4.970321497080233408e-01
4.855959147400795706e-01
-1.249363672750339660e+00
-1.808645561186101425e+00
2.209360663651702486e-02
-1.094955426671275101e+00
-1.210790497744191008e+00
-5.850907905034190559e-01
-9.925397688107473471e-01
-7.448451087436844809e-01
-1.585910745528645860e-01
-1.644302869605208384e-01
-2.267068262163378090e-01
-6.408768181336170766e-01
-9.942421802386922636e-01
-6.283590369903099271e-01
-1.839304645719046949e+00
-2.494345803267781658e+00
-1.755365873751935757e+00
-2.203904686735801977e-01
2.330298637845508725e-01
-3.335931298501446096e-02
2.111937931950450542e-01
3.236134585942389008e-01
5.554199931525659606e-01
3.937952301912808206e-01
-2.099658865224937887e-01
-1.326025508065757696e+00
-2.317013402525285315e-01
3.386509956866379234e-01
2.874264220057848318e-01
1.018346271755563442e-01
-9.403748669037821362e-01
-2.925921416892894866e-01
-2.762176553273666402e-01
1.770454561511017877e-01
3.963642500864055784e-01
1.183837761929249083e-01
4.820595215920107646e-01
3.512270607492815055e-01
3.455419231195782093e-01
-6.426505450655226048e-02
-6.614873677391508444e-01
-5.207029111131442622e-01
-7.035516008828145429e-01
-1.200551183418824275e-01
1.126575840864894873e-01
4.600407307000917156e-01
1.177078338211315078e-01
4.359889218986160997e-01
7.798350725101323988e-01
9.793626821898629986e-01
7.910288043493901577e-01
9.167139818307760146e-01
1.089927194250532416e+00
-3.132350456017322649e-01
5.449261691206211955e-01
5.057234868799063143e-01
6.674916470309634198e-01
3.230713416971371932e-01
1.359052134813219237e-01
5.116785372674231835e-01
1.751492615891658278e-01
-1.613008490557735208e-01
-3.507779833027702132e-01
-9.394842246690601750e-02
-2.280345836236761237e+00
-1.569599897070197869e+00
-2.652133693835424522e-01
-1.967434366443221172e-01
2.371430417617493291e-01
3.646595616783168681e-01
5.926142248236910826e-01
-1.038739239339101506e+00
-2.272521935100068280e+00
-9.195501101781895503e-01
-1.549534731222982353e+00
-1.694136677691494342e+00
-4.328619859639846745e-01
3.244167793964544688e-01
5.403807960144398903e-01
2.921333479220066809e-01
1.460715336243928186e-01
-5.459163403624434086e-01
-5.056444182370033180e-02
2.244823647602393335e-01
2.512153966485334844e-01
2.154004831562501554e-01
4.662654037964828468e-01
7.052046027920434446e-01
3.471329600026765716e-01
-2.655916298750568005e-01
1.471495565830217567e-01
-9.034674581421079376e-01
1.169161714514126670e-02
2.410201750253015696e-01
-3.875645109307550296e-02
-6.426688139190120941e-01
2.600215488541574582e-01
4.133378514388675318e-01
2.112262966411273535e-01
-4.915678428473083117e-01
-9.958936778248542732e-01
4.989305359636574400e-01
8.808636875852597914e-01
-2.067921465210146581e-01
-5.216559393505523223e-01
1.520838022070729045e-01
5.633219024123491403e-01
6.658391374579570865e-01
4.628848127846910132e-01
-5.338553733621052011e-01
-2.200953744119773792e-01
-9.761729974266471210e-02
-1.444149751135515580e-01
-1.492129897483661649e+00
-2.686235729462636557e-01
-2.960416919027261118e-01
2.759098155168046018e-01
1.124471157296451779e-01
-4.622402502317182194e-01
-1.165463842137000050e+00
-2.039697499178165507e-01
5.437570323406142325e-01
4.029801666963159779e-01
3.446834091850880522e-01
7.077411826567264752e-01
9.953871706120234197e-01
-1.937321614342610854e-01
3.199878115189786487e-01
-3.407332860722049883e-01
2.565729152363298016e-01
-3.098231984895078450e-01
8.834857199232504232e-01
5.701804089483276661e-01
-4.038931855198066856e-01
2.498220055378787552e-01
3.004534878740590109e-01
6.562902203616420571e-02
2.749043013386416323e-01
-3.255060080674556100e-01
7.819993739831866408e-01
9.934200865679814196e-01
-5.223879801893389213e-03
-5.028538173220152840e-01
-6.609482158066315449e-01
-8.898232925823768014e-01
-5.633576256974004437e-01
-5.473621068310552396e-01
-1.920805242941275165e-02
-1.002109849613681304e-02
2.269439143586875207e-01
1.291559669471788740e-01
6.316347206542681503e-02
-4.521706518747542480e-01
3.509620249981514339e-01
1.592635164684197968e-01
-2.292978495559132579e-01
3.462876382881846515e-01
-5.871076905518272937e-02
5.373989968367496317e-01
-4.136401319517877401e-02
4.935581465945843571e-01
-3.676610445661678828e-01
-4.737460750347177729e-01
4.245575875734994287e-02
4.034761292698284263e-02
1.361976383164428817e-01
-2.110700738453461789e-01
-4.620915806304526363e-01
-1.059978390440342727e-01
4.117005507807544040e-01
4.514284427858491489e-01
6.678026223656902127e-01
6.718003845966342702e-01
3.153968377755848596e-01
6.875638171953117883e-01
7.490753405332036818e-01
1.102490099828503212e+00
7.271183003194373606e-01
8.282842603887262678e-01
-7.746660864463162932e-01
5.994795690842306957e-02
-5.391535867399318560e-01
-1.209948847346559164e-01
3.616446664439323944e-01
6.010035693970854354e-01
-1.204301363128425922e-01
-6.891285231641929299e-01
-1.496138706306434640e+00
-6.513461700986018510e-01
9.099140213883986916e-02
-7.974658057290098800e-02
1.432078663069351609e-01
3.641975612555265474e-01
-2.339880596860701711e-01
-2.735236514702885091e-01
3.791406954285189701e-02
2.709247518992835002e-01
-9.027088375212664884e-02
4.472512598924026639e-01
2.790358123670925172e-01
1.024309027086278912e+00
9.491329303231250680e-01
9.570744419582594142e-01
9.832808977701075204e-01
-9.248547284923878953e-02
-3.432777344518063156e-01
-2.685252038689193710e-01
4.775368751338099349e-02
-1.714436555715359578e-01
4.273443619148514783e-01
6.978781060476471065e-01
9.630748092154989282e-01
1.160225847436792135e+00
1.097261292158930868e+00
1.113205784184759128e+00
5.742505616518553957e-01
9.990467223492647264e-01
9.496383480787422560e-01
6.952058644404846000e-01
4.957758592659842201e-01
4.742195577080946522e-01
2.531174428971157964e-01
3.362679208927025210e-01
6.324971479944041519e-01
-3.927780304994313298e-01
-1.124195063375898751e-01
1.362214612774092504e-01
-4.056642438285484875e-01
-2.928272100926725408e-01
-4.583093480459475288e-01
-2.236541489417014916e-01
-8.180119443746471930e-01
-1.417770921264803197e-01
1.972961660266655745e-02
2.293950153533569902e-01
2.446951387605542372e-01
-2.245669140490581528e-01
-1.136397784934751742e-01
1.638573415350640383e-01
-3.122704206049320419e-01
-1.241476343057229093e+00
-1.662904349124262104e+00
-9.903913324100565019e-01
-7.495329288610660390e-01
-3.276632932185641889e-01
-2.452938163448862563e-01
-3.529404924257930620e-01
-4.380877709347872351e-01
-4.735088226407255241e-01
-3.084300053355790716e-01
-1.345220134878208525e-02
1.452975797688337845e-01
3.647351241930354981e-01
-1.915855748652429622e-02
-4.811769673080765891e-02
-5.350674572954292052e-02
-2.855355190501720486e-01
-2.344302029870225235e-01
-4.988793084754672980e-01
3.985701775231448862e-01
5.929368701410577813e-01
5.225817392718676846e-01
5.553169347805300138e-01
5.732790872458772835e-01
2.708682166111484602e-01
5.007920246050391322e-01
3.171537168826258357e-01
5.745512187526786718e-01
7.309039085895282506e-01
4.587434335080017300e-01
4.793858931831477821e-01
5.207261745557100197e-01
3.529838332973022075e-01
-2.702083845997423350e-01
-3.378034104314010522e-01
2.982053369965366810e-02
-3.591946738087630209e-01
-1.038924512507994613e-01
-2.829140599014253951e-02
-1.475405352777654722e+00
-1.441662728835910734e+00
-1.870968351730822876e+00
-2.083140181582830319e+00
-2.023213103152941006e+00
-2.566710067418497054e+00
-1.828849196321367776e+00
-6.790497460390878537e-01
-7.715657253138472060e-02
1.802131883451671690e-01
3.427911887449692219e-01
2.124851370649794013e-01
3.104559792799299056e-01
4.685277962399294061e-01
5.677354459811523313e-01
4.397875710581630182e-01
2.395775333811611951e-01
2.619927264563070568e-01
-4.102083410729550489e-02
3.301357955272711808e-01
-1.704720316824298310e-01
-8.193499420556149548e-02
3.828877751712713162e-01
3.228541865818799761e-01
1.947730649707478390e-01
-4.919163576936562143e-01
-2.073549701182532956e-01
-1.002024487012729420e-01
4.470109571589111486e-01
4.431800934949748916e-01
5.033058258522619122e-01
5.705643582525703472e-01
4.773586249565492379e-01
3.632384894758609040e-01
5.943202730957758417e-01
4.991374117088445139e-01
8.187871280186895251e-02
9.522566367006753130e-02
3.195864254299009555e-01
-3.259344238518313563e-01
-2.836421691408657145e-02
-3.079394667367482685e-01
8.448116962662947926e-02
-5.440550919972724220e-01
-2.598236400044353078e-01
-2.623483024177633016e-01
-6.628180343853172785e-01
-2.926871271762016558e-01
-1.208183685749371294e+00
-1.668042589672485976e+00
-1.254824282076865805e+00
-1.644800879367675606e+00
-1.345872364293588586e+00
-1.213774621445403934e+00
-2.072692048389091379e+00
-2.229827905356077444e+00
-2.332852422363924205e+00
-2.893099650621375751e+00
-1.648288798405084243e+00
-6.914444090792792874e-01
1.729770093870741932e-01
-1.267511656707150713e+00
-3.280892618816838580e-01
-1.406289944142723680e+00
-1.618191008841382894e+00
-5.952486722443137701e-01
-2.117574829042101037e+00
-1.308832042263189166e+00
-5.638156111288503691e-01
1.788020018663085964e-01
-2.055811012107076063e-01
-7.556294743049596363e-01
-5.831008381112479100e-01
-1.290503610017594838e+00
-1.386078388955663376e+00
-1.079646952772434387e+00
-8.302483998798981801e-01
-8.784684735952908996e-01
-3.753649192767825049e-01
7.483592105818523063e-03
-6.876319040352643630e-02
-2.727942771510975528e-01
5.795762856871932572e-02
4.413770684105400299e-01
5.658318948464950982e-01
1.758330442022191520e-01
9.584161690443855630e-02
-1.251475546584633614e-01
-1.566180551492983575e-01
9.755681032655214024e-02
-2.728463276724778577e-02
-1.756181740437625871e+00
-2.058876476904703434e+00
-1.074604919487371246e+00
-3.129294806968399012e-01
-4.538789367412393583e-01
-3.225441026275126521e-01
3.161577704709054859e-01
2.999089571685013556e-01
3.418918462378241485e-01
5.565320261967220405e-01
4.822047166697426279e-01
-7.518314436384744281e-01
-1.472987825760391667e+00
-3.446088003476582284e-01
5.919499385206213049e-02
-8.752906850236763514e-01
-8.295830277204611081e-01
-1.235865212599765117e+00
-2.145756363200701511e+00
-2.137747507969465666e+00
-1.384536455343315042e+00
-1.317445432512646342e+00
-1.123599726691560052e+00
-9.148620269480476352e-01
-5.845137789019826391e-01
-2.048635181643252423e-01
2.342222937877153910e-01
-4.069847380324697061e-01
-5.939427394788021619e-01
-1.197886082162774590e+00
-7.481401547197420454e-01
-1.037726019551522105e+00
-1.319180635409104851e-02
-1.424147836441520820e-01
-6.327582837329108756e-01
4.674483754208682423e-02
-1.180620098941027596e+00
-3.262226735985633841e-01
2.370280326777221003e-01
-9.611786506163728649e-01
-8.657093860908733340e-01
-5.602354969122741446e-01
-2.837493743161730309e-01
-6.325057998788601310e-01
-1.777946055957703830e+00
-9.619018141090418528e-01
-5.491532202457271028e-01
-6.423806366620865571e-01
-6.306768665987874112e-01
-2.037372405997462110e-01
-1.349014283160891781e+00
-1.702585297349646476e+00
-2.373276875079909143e+00
-6.017811462645153986e-01
5.387076652248508866e-03
4.473274681545161835e-01
7.633867601069173059e-01
1.134087948753955827e-01
-1.092443615965603465e+00
-2.263207520449765919e+00
-2.296265581864495697e+00
-2.848440490463702179e+00
-1.471984484861909026e+00
-1.194037660614957641e+00
-9.454029141845816664e-01
-1.282951371835496346e+00
-8.480949105461694781e-01
-1.570904040972631366e+00
-9.012979455196511447e-01
-1.770361163348112887e+00
-1.262833080974248068e+00
-2.391682979195635939e-01
1.659600139579075484e-01
5.101799306785932686e-02
-2.452008902704451987e-01
1.374852016910953767e-01
-8.399727336884783568e-01
-3.930706369181140580e-01
-1.377333184505914188e-01
-6.402574497960233924e-01
-9.664900075861523332e-01
-1.249832180721844876e+00
-2.361870278067900397e+00
-2.301532550234925534e+00
-2.287278883525649675e+00
-2.333545425856132116e+00
-1.947939425754808829e+00
-1.175623527527877243e+00
-9.368995697936515210e-01
-6.157871310629359218e-01
-9.953922157021911632e-01
-7.035081328526897604e-01
-2.614016120444045965e-01
1.329145002380898444e-01
-9.166093745723480346e-01
-1.293817010144391322e+00
-1.735661762122317153e+00
-1.976462257274460788e+00
-1.010378532116623651e+00
-1.241958594702334606e+00
-1.797005121551158213e+00
-1.482229671859528031e+00
-1.931963936177309327e+00
-2.273079928598387589e+00
-2.089596712256839073e+00
-1.651600955803053994e+00
-1.278510830721445224e+00
-1.636596027529212627e+00
-2.331239175772054306e+00
-2.108023637627908009e+00
-1.295515167446002591e+00
-9.002663464084517120e-01
-7.203860112903018864e-01
-8.727042440340345708e-01
-1.838739670348306543e+00
-5.736238645459187380e-01
-4.916099411674085262e-01
-1.924041741462928223e-01
-3.477990784285218961e-02
-2.621724388865940836e-01
2.426835744975463227e-01
6.015570416475355398e-01
-1.966261044652932791e-03
4.404417303791792193e-01
7.925926191596301962e-01
6.202357006410617046e-01
1.130916983308581258e+00
1.212538814641024976e+00
1.173895149364637902e+00
7.957092918279490279e-01
8.689340216999061894e-01
-3.002002431350340173e-01
2.343104963346090419e-01
-4.896249202978326664e-01
3.360500398925747034e-01
-1.412311691867845775e-01
8.447511501429770531e-02
3.793946196058938791e-01
8.672289374336779044e-01
5.857704295916459358e-01
1.481502462199209835e-01
-2.767653220577730513e-02
-8.308497301292047110e-01
-3.331140968289804660e-01
4.797684378194153054e-01
-4.034019057457609650e-03
2.590753478471544136e-01
-1.090145953902850046e-01
2.303025300437661349e-01
6.116756209373390707e-01
7.284161395084266521e-01
5.841138889981312143e-01
6.923895191983705510e-01
6.166812335769693565e-01
7.190543663640310834e-01
4.213170853187607201e-01
7.137173098388838177e-01
6.880921668467143704e-01
5.694709873113665832e-01
-6.614864606441546169e-01
-1.224735451476050008e+00
-1.685958338265242995e+00
-7.120389517153111747e-01
-8.611716112632081810e-01
-4.965147879767513595e-01
3.214308448447013578e-01
4.540864498984101272e-01
4.575295104178004335e-01
5.178624751058085174e-01
3.911862455602720945e-01
1.125718471586789837e+00
9.427887264791608990e-01
4.309634831064501070e-01
1.146834583662272200e+00
6.270419380430878320e-01
6.650877997212634174e-01
8.070281333614325314e-01
1.140321347086561188e+00
9.223411847042670697e-01
4.050850280111378265e-01
7.241614554128522618e-01
-3.964667770375453482e-01
1.951553146737637912e-01
5.796080123515454652e-01
6.847306535489657842e-01
4.822472544922895010e-01
5.352267204445378956e-01
3.598330180671073242e-01
3.056775386863005428e-01
2.977363444921767854e-01
4.660888411662337250e-01
2.848795563089735472e-01
8.954232925714313840e-01
9.908810614754454127e-01
-2.530753151864350015e-01
5.329224087057462533e-01
-1.125583218544112585e+00
-2.108267589680170029e-01
4.407051029351772287e-01
7.889216170362938207e-01
6.527091088573636624e-01
1.071651734436395165e+00
8.442000389632451363e-01
6.541962069550076586e-02
4.237972049989799372e-01
1.085006632994051312e+00
1.163855155727266499e+00
7.260324620498165293e-01
-2.192890162836371171e-01
-8.272273420206520678e-01
-1.926139213174425269e+00
-2.235505696711694856e+00
-4.889256062657943991e-01
5.994650345017997761e-01
6.735842136763341426e-01
-9.866609764362177515e-01
-2.172306160522448959e+00
-1.763777086091329771e+00
-6.888434452128590069e-01
-5.336762818191326252e-01
-4.564316257653240894e-01
-2.894583241042024691e-01
-4.899137462638009088e-01
-2.160324891219474464e-01
4.036695720958356493e-01
3.086914373688183222e-01
4.189577977355264382e-01
4.951571145586682321e-01
4.163818748561491923e-01
7.381241790563801697e-01
3.688208606714706850e-01
6.201926864980902288e-01
9.357515823071577143e-01
9.225951860254868464e-01
1.016742167890504422e+00
1.196562839707882686e+00
1.261771029317269255e+00
1.223794896319766456e+00
-1.077404950584903293e-01
-9.387666819479320579e-02
3.244775359898931233e-02
-1.397929277695153294e+00
-2.045681686266029420e+00
-2.785999328746445514e+00
-3.078843904510883522e+00
-1.070963835112458185e+00
1.040360213137570961e-01
6.593328499182302682e-01
7.019841452838100349e-01
8.542348262062333664e-01
9.387199273983881653e-01
9.561566036881333774e-01
8.255070576492452572e-01
7.367534879244912460e-01
8.911422769239600861e-01
8.221708648742996894e-01
3.128873062304048380e-01
-2.918365113510453246e-01
-1.330213092076059311e+00
-1.766231914600513209e+00
-2.112747006131660221e+00
-1.980302034120144938e+00
-1.230278572614997401e+00
-9.268090142936513676e-01
-8.025723351857630972e-01
-1.864713376284244273e+00
-1.061470913735543364e+00
-2.546267362927305822e-01
1.987063740886100549e-01
8.736177826435018723e-01
5.365776815556287938e-01
1.918083389986459109e-01
2.210860735669022692e-01
-3.070312256548897792e-02
-1.097381617274869603e-01
9.529606907503872237e-02
5.832236685313558766e-01
5.795791423831195832e-01
4.902376339717678388e-01
2.922172921759935357e-02
-6.229614640447898033e-01
5.350969173073977236e-01
8.376889896201945573e-01
1.087358733621632156e+00
1.268268540011740830e+00
1.395731022414486988e+00
1.293718153267519044e+00
1.319165609341018452e+00
1.219821522631116428e+00
1.495938405372298163e+00
1.367226543753978341e+00
1.404338260254371695e+00
1.467125939246172850e+00
1.551473982862062950e+00
1.399250823337571559e+00
1.413875766701844894e+00
1.534729561554027955e+00
1.730321258747641977e+00
1.610320442310156253e+00
1.579045054941171644e+00
1.626168185533637178e+00
1.673422911017001136e+00
1.244474566173605634e+00
1.751443555696317933e+00
1.595655049155883187e+00
1.378340306597838127e+00
1.447488750715498762e+00
1.426279595326057636e+00
1.547304209649222217e+00
1.580231153303246927e+00
1.728712416664500262e+00
1.554733364622661096e+00
1.800062387508812201e+00
1.503216230623672267e+00
1.037524921662964505e+00
-1.849157617521496322e-01
-1.818989084415373547e+00
-2.345779085252891694e+00
-1.989850215520741372e+00
-2.740025534337067192e+00
9.600484516710294791e-02
7.499163633770198345e-01
7.068699045600463915e-01
3.784343438895189649e-01
6.869425496337595582e-01
7.914553236439560990e-01
7.910741771078952933e-01
8.820579550654816803e-01
2.648472653403769472e-01
2.909748374702575413e-01
7.561638871150669350e-02
1.547167287366160160e-01
4.890659046742866223e-01
-2.815979171867885600e-01
-5.554484529371725987e-01
1.935217222473865628e-01
7.623867910401948000e-01
9.949722467554036331e-01
4.682072609022250309e-01
6.968067838501947886e-01
5.928769988686670711e-01
9.657823527591370416e-01
1.011403825281611990e+00
1.240994331960069585e+00
1.333073930974587817e+00
6.056506860485673105e-01
1.049321392366963979e+00
1.514785733249541577e+00
1.408005366189314378e+00
1.154854981644692691e+00
8.357709580163567020e-01
8.003734988612404289e-01
1.071169369679651817e+00
9.549292244947752417e-01
1.028049883081159299e+00
1.187720195402503176e+00
1.222438270015797857e+00
1.216328685927764441e+00
1.289885916912165031e+00
1.300364060674862543e+00
5.223222287071004333e-01
7.832485434070107777e-01
1.094037390245690577e+00
-1.527370678337740317e+00
-1.435576176381436753e+00
-1.260699091568082908e+00
-2.263646745920414871e-01
-8.646992442678768098e-01
1.961611333802922852e-01
3.985075949620786040e-01
1.922407059360879411e-01
9.511276245247693995e-01
9.325064055225978921e-01
1.191673058647485739e+00
1.474364355247578473e+00
1.538524385188671628e+00
1.015242104568407466e+00
6.164089557349545778e-01
4.963451488927338451e-01
-8.959327238374688029e-01
-1.562548894755317885e+00
-2.323269565063355468e+00
-2.098860229878122929e+00
-9.242369852547631381e-02
-2.042848719112934308e+00
-2.059262216500665321e+00
-6.971401684969279477e-01
-5.593027559099764678e-01
-1.823623245729180553e+00
-2.779252117000997391e+00
-1.966288293076219329e+00
-1.106374275673637886e+00
-5.001552973736368424e-01
-9.162159361659279189e-02
7.991149521723360516e-02
-2.574063189032577692e-01
-6.485596308016140510e-01
-7.407658127898487654e-01
-2.540181936437535884e-02
4.991246520934079500e-01
8.261010458309295812e-01
9.326902389801923210e-01
8.762935617257610055e-01
9.562257657619653850e-01
8.714731066023098105e-01
9.364816374742358507e-01
1.932353117699411038e-01
4.603553104022798381e-01
-3.951682022133907735e-01
2.581596034139123086e-01
4.959068763387201595e-01
2.618124183698135043e-01
5.550144711363279582e-01
8.907717698162098685e-01
8.716135606006566450e-01
2.656927761720547787e-01
1.111032190593662650e+00
8.105226427411631462e-01
8.085666887619831211e-01
1.760966253846408536e-01
3.210706669497951360e-01
1.520783395356453682e-01
1.779452359556117635e-01
1.536801765439515521e-01
-1.241857123472309254e+00
-8.789806232761173677e-01
-1.959321648594791965e+00
-2.190080095894805012e+00
-1.155613581110374266e+00
-8.295480643681870658e-01
-7.910246377093872461e-01
-2.311401388719532157e+00
-7.689958612799756565e-01
-1.341756943932318702e+00
-2.366548856051829297e+00
-4.459111552703302062e-01
-1.199696166409768977e-01
-3.860453621438106886e-01
-2.941616325369315055e-01
-8.975592282757114404e-01
-9.487385286840404053e-01
8.282375004145835218e-02
-9.714869059095944115e-01
-1.324960090169027938e+00
-2.100117878850994213e+00
-1.477113171334259123e+00
-1.825615348469354249e+00
-4.654260910576189514e-01
-2.560194458649540650e+00
-8.405341041192159190e-01
-1.768247382571663806e+00
-1.764969563945830711e+00
-1.256465714371399756e-01
1.011244277085737275e+00
1.185683578040745756e+00
1.346814097630439022e+00
1.091076850050555214e+00
7.778369954879985615e-01
-2.807209546713704262e-01
-1.160126828568521118e+00
-6.177474317662332570e-01
2.495715580450777737e-01
7.775415631132919225e-01
7.909477200920586037e-01
-1.463462590556066756e+00
-3.908848996117464947e-01
4.199518012786123689e-01
6.584241547129495720e-01
1.036876561923286033e+00
9.886194861995106775e-01
9.921285014822307513e-01
1.141750293356341706e+00
8.187455426269305558e-01
1.152845341772108068e+00
9.270499309054445192e-01
8.327018886068702219e-01
7.940295625385530576e-01
7.451111923863344977e-01
-6.183192638632791782e-01
-2.483211281950609695e-01
4.955060071661536170e-01
9.988608545638631986e-01
3.418771171773438700e-01
-4.883645312966850005e-01
-2.704074575403436320e+00
-1.109436380342983641e+00
3.059228916427567460e-02
-5.908537370539724831e-01
9.141990226561335087e-01
1.074319472099351191e+00
7.448167594883100540e-01
4.676366834944738204e-02
-7.864524525009991551e-02
-9.528281098480782807e-02
-5.882132848703547356e-01
2.199430386228228840e-01
8.178004599415779063e-01
7.927295140467390810e-01
3.754999228350954787e-01
5.940005631332478941e-01
7.147350035291689663e-01
7.587091282765884293e-01
3.304620915815054683e-01
-8.746101908568649774e-01
-4.561898434964563043e-01
-1.498865714355219092e+00
-2.142864914284512867e+00
-2.461241448825632894e+00
-7.271119820662509392e-01
-2.244771185880238829e+00
-4.449461730754104005e-01
4.880435490747502270e-01
8.857494886480857810e-01
7.974200998171000476e-01
5.529698482186642394e-01
6.885258396035309758e-01
-5.220223840591856068e-02
6.333725710744320114e-01
8.137181969166986661e-01
3.652184806987064380e-01
-1.000979014922291688e+00
-4.827771801411046559e-01
6.915916527961252225e-02
-1.926127845672175043e-01
-2.380638444930722297e+00
-5.597111555621875345e-01
-1.512823840054535518e+00
-4.369300897271586326e-01
4.643662324794383678e-01
1.250029931057372812e+00
1.105256792351143158e+00
8.012609047066597823e-01
-1.166615578192301772e+00
-5.571837072587962902e-01
5.172157874805197730e-01
1.811834947041384217e-02
-1.980009590966433475e+00
-2.874011514055755390e-01
-4.922320935548592513e-01
-1.083699216861966352e+00
2.976844612365411868e-01
2.655141547685054282e-01
-1.951710562603999222e+00
-1.742849482740895573e+00
-2.790616634612251623e+00
-2.189916427724132753e+00
-8.545949262804564128e-01
-1.019025407425295793e+00
-6.041407045658416797e-01
-5.188522082522960543e-01
-4.630066586872007561e-01
-3.209431219023646253e-01
-3.563823612399292240e-01
-2.042990365331571329e-02
-5.922615155277543009e-01
2.408524645692003419e-01
1.844076498666641362e-01
4.080273654452575838e-01
4.812931500152616282e-01
1.787819774634796521e-01
-4.872114403393917881e-01
-7.576633504446890488e-02
-5.258808798668790363e-01
-1.412242521411554819e+00
-3.222808811429602183e-01
-4.630912184000907095e-01
-5.387523592067726685e-01
-1.281594392727844756e-01
-8.048912255179573316e-01
-5.282818398414680372e-01
4.360558642289419362e-02
7.248649029639625541e-01
7.994839951145231716e-01
8.064588738283030578e-01
6.959546689284156207e-01
8.384529312718524974e-01
1.789258471556107732e-01
-9.496224923181938171e-02
-5.997808431479872970e-02
-3.379134489453062828e-01
-3.039193119432636592e-01
8.704131500468388627e-02
3.941789182870897856e-01
1.762192764409965806e-01
-4.329387413000317375e-01
-4.944247793568309901e-01
-1.689711747621545079e+00
-2.861649532997482925e+00
-2.679681500917825421e+00
-2.740401087726217266e+00
-2.644151715534706515e+00
