3.466197414744448535e-01
2.425565930306689821e-01
-4.145343268640974688e-02
1.193850896238277254e-01
3.104160046136120177e-01
1.964542538209323175e-01
-1.706271197722630806e-01
1.244921853268398798e-01
-3.972887486470998153e-02
2.515894579979856549e-01
-5.747312375132951345e-01
-6.740242753633249873e-01
-3.942200257411997977e-01
1.288126372396161123e-01
-1.677468404875271935e-01
9.083663486083264071e-02
2.609471484492676407e-01
3.879962551710092189e-01
3.073779831782115779e-01
6.150849352958948080e-01
5.798581145236666456e-01
5.345764867749474014e-01
7.903247434685958250e-01
7.722053611429527953e-01
8.601450013868492395e-01
7.238574699737420071e-01
8.645408919903269096e-01
5.011152250824096877e-01
4.224594147924192744e-01
2.862152740991650290e-01
2.303942569466263246e-01
5.920514221940040844e-01
4.250177420192995936e-01
5.819188551196127213e-01
5.172969302520429302e-01
2.499815960330825926e-01
5.858615739576824577e-01
3.909348419220892712e-01
3.936265218065798099e-01
5.433840023672380504e-01
5.994616079237041761e-01
8.960174184937907960e-01
6.941042591319822597e-01
3.551606568169945466e-01
3.809379816214366610e-01
1.018634123358841820e-01
4.129011247123077211e-01
5.545063320147204378e-01
5.989787371797012927e-01
4.747064553784540175e-01
3.136286581108397864e-01
2.715473590572850537e-01
-8.815875880231034689e-02
3.650875555232798719e-01
1.092682360062490060e-01
3.286853039399584842e-01
3.037056369834540415e-01
1.326029832235649242e-01
7.116138439293384632e-01
6.335773184657474966e-01
6.759778297757742527e-01
1.055461169648758829e-01
-2.713331368722556730e-02
2.347527783038630064e-02
2.610894718979553941e-01
-8.646022837799650917e-02
7.816013458739763317e-03
-3.130021160729959395e-01
-5.934652571372837082e-01
-4.061646857911428432e-01
-5.787564151827959830e-02
-3.627719233351052175e-01
-1.887984094972319782e-02
-4.119705309707052954e-02
4.915156031954835969e-01
-1.876428241371382033e-01
1.806641572297944531e-01
5.230972674819461821e-01
6.907788566875348035e-01
5.875542553660577649e-01
6.101043795412671722e-01
8.509470698785981391e-01
7.886968386367207984e-01
4.574162336070741741e-01
8.082314767320001314e-01
9.501592016241880989e-01
1.040925791632492325e+00
9.884407723105250732e-01
1.001911835439563525e+00
1.083911557875113729e+00
1.125246104523309754e+00
1.013191935522995468e+00
7.611357259020314903e-01
8.982060347374486442e-01
2.386631285119502066e-01
3.611219256595781246e-01
5.184338698939967571e-01
6.716132662569679335e-01
7.033801119655078704e-01
6.316875240641309786e-01
7.408627573668052912e-01
7.090108425422548821e-01
8.076561971622914227e-01
5.873868760329239436e-01
6.814380244118645180e-01
1.026725406795281570e+00
1.187027043796595738e+00
1.217785478663497845e+00
1.136766308922260826e+00
9.614141267198372809e-01
9.370962662668512744e-01
8.569411163502534956e-01
1.081936434053416107e+00
-6.672918398123192651e-02
-3.529713746124581442e-01
-4.068705802437410091e-01
-3.579366384123424116e-01
-2.974058483032357425e-01
-9.578948347067685332e-02
1.920921730317789733e-01
2.420313438583980570e-01
-1.241448838841795708e-02
-2.816195348834459322e-01
2.442686131715228193e-01
1.531515566943412732e-01
2.378536690023126399e-01
4.403830250236792088e-01
6.387728308775757480e-01
8.204072456009089409e-01
4.894760793612198402e-01
9.001942426367223193e-01
1.223795394834450212e+00
1.208499260364249261e+00
1.123343655222616588e+00
1.194696679459917643e+00
1.308854943352475875e+00
9.097218255233672224e-01
7.869099154914270811e-01
1.264398607230622584e+00
8.258702287686158217e-01
9.919072029278785951e-01
-9.896512183500350002e-01
-1.162147610404128173e+00
3.176527124134662095e-01
8.312882670717949285e-01
-1.117537387000192783e+00
6.145140921061631456e-01
3.278369252017763191e-01
7.735593184599042216e-01
-2.098341295617045965e+00
-2.650215231842799835e+00
-1.496748341858263887e+00
-9.514773563685234858e-01
-2.052014208257872951e+00
-1.822992806362909723e+00
-2.711595633257578353e+00
-2.135518723968361066e+00
-1.985466537613785887e+00
-1.666682871647790387e+00
-2.386112235497412914e+00
-3.219714553410875979e+00
-1.839214235016222609e+00
-6.257031610314059966e-01
-8.809287416672573201e-02
-1.307769738984422003e-01
2.313843479065113284e-01
6.703633315614346833e-01
5.357018709622392016e-01
7.851351994223875197e-01
8.826382690836078737e-01
1.093716891643659261e+00
9.573756547199970823e-01
4.172437474703524218e-01
1.046541953576153539e+00
1.189595569930959718e+00
1.092370879213766521e+00
1.065545627913768056e+00
1.334514217005687620e+00
6.615492307090145019e-01
1.088329732217643953e+00
7.379899967726186727e-01
1.110160957381319591e+00
1.122271316077005920e+00
1.338096011614509639e-01
7.464912285371487766e-01
8.738153378251536374e-01
9.695092661710272841e-01
2.734917779507349267e-01
7.350440287071215995e-01
5.712411274824813479e-01
6.939733499157684227e-01
9.887905780222376873e-01
8.665896170393877496e-01
5.487379621227649329e-01
6.783671306474330365e-01
2.803752849083905319e-01
9.387769049371358365e-02
3.077213782270759590e-01
-7.642315039965351664e-01
9.950552526512865259e-02
-3.241994046965840925e-01
1.574117797227253812e-01
2.793084997329925434e-01
-3.666062347230795160e-01
-6.044157014713184006e-01
2.945214871671677712e-02
-3.220791855804711057e-01
-1.289196707497060335e-01
-4.563896486627906923e-01
-1.066570616983395725e+00
-2.680300364374792021e+00
-1.343358316582119460e+00
-3.014014952718810925e-01
8.987600111297808225e-02
-1.423795257266563807e-01
3.407177725050001271e-01
4.093025883856041824e-01
5.033149093580988609e-01
5.549003550067658219e-01
4.788857551041070804e-01
7.237841816563744812e-01
8.766963067326601911e-01
-8.995259925932014289e-02
-2.266021450307030172e+00
-6.591588646353138126e-01
4.898280081879390346e-01
3.466401372982824136e-01
9.016833074553951555e-01
6.110711893130035266e-01
1.426519388415121714e-01
-4.382005904888874870e-02
-1.016277802231291938e+00
-2.161948074902274364e+00
-1.712142708999780494e+00
-9.151315710346362708e-01
-6.374057168915191474e-01
-6.877391646484611876e-01
3.140013341586674750e-02
-1.336697407917454734e-02
3.359790841930120064e-02
4.043456759656913202e-01
4.723309574592547411e-01
-6.598054877754067071e-01
-1.894113971195820811e+00
-1.976347682312625587e+00
-1.247752465796109211e+00
-1.007429899166658815e+00
-4.847351510338543945e-01
-6.611067964415173748e-01
-1.775527065922536119e-01
3.958384909207512403e-01
7.313544660008718390e-01
2.126301033043924427e-01
3.062709673628424278e-01
-9.127448122192122204e-01
-2.729550608312009130e-02
4.003771799089664851e-01
6.475377677995901582e-01
-4.190143955004329568e-01
2.097137571325738137e-01
2.740772814450294637e-01
4.205404038548878343e-01
7.910752228115887075e-01
2.949325885254692747e-01
-5.861462559501683101e-02
9.961026447027376829e-01
1.135897832811115116e+00
6.238364060721713900e-01
5.524534281514007494e-01
-2.265146874031962188e-01
5.129530324889324255e-01
-1.491316930431441090e-01
1.094829486785739436e-01
8.034292239858638329e-03
-1.183224843984039543e-01
-5.330520859252448895e-01
5.401637964097854433e-02
-5.743398636523981970e-01
-7.116831284290575654e-01
-9.336293201759200411e-01
-3.807763122651264265e-01
-8.164030678352868220e-01
-7.214189735923555169e-01
-9.301124398284823513e-01
-6.130728740920499131e-01
-9.593857897649212818e-01
-4.241004430888319354e-01
-1.536631269342585669e-02
1.836303549024656534e-01
-1.196345095622991295e+00
-3.795324945603079647e-01
-5.860238803190269685e-01
9.396777877751331942e-02
5.873572147845241842e-01
1.779334169313938896e-01
3.190854455959144520e-01
3.141220297233621173e-01
7.670878870642882097e-01
7.953281252561471559e-01
8.338601278853748910e-01
4.774543774239630722e-01
7.389407437149979607e-01
9.156773787990965530e-02
-7.288517283970877836e-01
-1.525449749578274616e+00
-2.490966410268617537e+00
-1.232224903416089701e+00
-2.637047239484954897e+00
-3.797360979648731760e-01
-2.592761882047133426e+00
-1.585293771352364933e+00
-3.617780424801244066e-01
-5.794483771048936083e-01
-2.089801059476730782e-01
2.395605782245114057e-01
2.105369975326422671e-01
4.930825217882109923e-01
5.787581414016755854e-01
4.803154493823983961e-01
2.875429608501983703e-01
2.125718369919364359e-01
3.975641543384401677e-01
6.966840206231050825e-01
8.796206508408044300e-01
1.179535686988935073e+00
3.929171003868522916e-01
-2.345799107965251373e+00
-4.758744950594450129e-01
2.598820532650975568e-01
-2.498345794636552597e+00
-1.834194905119715391e-01
2.405367127406299599e-01
2.953688989273777765e-01
1.846610043553662261e-01
-1.701713601889755789e-01
-2.957155416579613783e-01
1.008082461415348574e-01
4.001655049017756038e-01
4.831409572297963861e-01
3.382557025426513597e-01
2.984852958945524160e-01
1.616408120897623590e-01
7.132135714686301808e-01
9.056847249781324605e-01
5.031470491211239571e-01
8.044819459534346962e-01
8.818556889901226770e-01
5.251018493257613162e-01
5.538704655597012083e-01
4.251560869379522600e-01
3.634570804092657204e-01
9.874149150298093883e-03
3.551593437287118293e-01
6.275080290450005815e-01
-6.886201897740238387e-01
-5.099972909283009281e-01
1.227441151195194646e-01
-5.810091383076352312e-01
-1.729061224680289166e-01
1.019801478264061201e+00
1.263768154415382705e+00
-3.286142639126715670e-01
2.737333255810533439e-01
6.884285740877694737e-01
3.424925050731697507e-01
9.381546263930621299e-01
8.501626746629370457e-01
5.000901652027909261e-01
9.254981913370816105e-02
7.873786922672880717e-01
1.707394908195636551e+00
3.702452028378772075e-01
6.038038112352177578e-01
7.974954727140216582e-01
8.525945815720138432e-01
1.052392295203661510e+00
8.203219862384303340e-01
1.148703723716089975e+00
9.208302521676110519e-01
2.762139797495968274e-01
-2.054620265308899074e-01
3.622911864033609985e-01
6.464173140780223870e-01
7.924895609221085380e-01
7.736219693102758255e-01
2.998894467728765445e-01
6.818066972526604097e-01
1.047541448614357940e+00
7.535716310493469905e-01
8.439258379563709944e-01
7.772113951403524235e-01
4.276640376202369143e-01
6.519811240207312730e-01
5.570506850234614449e-01
7.556700895278466446e-01
-2.806786392134401065e-01
2.963373965590518355e-01
7.140917584295010112e-01
7.458142735740805884e-01
5.463028923288256733e-01
9.538497814081638160e-02
-7.117438633829937800e-01
-1.858993852648167799e-01
3.173397307840708503e-01
6.587834717299020371e-01
-1.872940805498943817e-01
1.051590040024403816e-01
3.461591600088977788e-02
-2.603806062969908353e-01
-1.827753609855093275e+00
-1.468643836331154251e+00
-4.794291167830371792e-01
-9.367992534972289023e-03
3.584479376254526284e-01
-6.125153861771319604e-03
-5.279479353740228476e-01
-4.275466038281682257e-01
-8.020883420393871976e-02
-2.143764028430256152e-01
-1.865904582103906417e+00
-4.489494997978928925e-01
2.334126898957533947e-01
9.798203096109819876e-02
-1.321967841226456608e+00
-1.235520414193199912e+00
-1.454836478592024473e+00
-9.822536193833163454e-01
-6.537258758512833889e-01
-1.001833671725377073e+00
-1.698554604251364397e+00
-2.175212428334551529e+00
-2.454711066003217201e+00
-1.878892060863521341e+00
-8.630066381079283255e-01
-4.267027524952362039e-01
-7.691608370542502016e-02
-3.116343602269684432e-01
-4.056806107661992122e-01
-1.112091921233909542e+00
-6.939451615527906236e-01
-5.873491641463769036e-03
-8.079030062742164064e-01
-7.157512522878385353e-01
-2.795218103490293426e-01
5.337511718926258447e-03
4.947099008356242167e-01
2.300591865817235571e-01
-7.093864595567310749e-01
-1.201781343767569787e-01
3.931618831732162644e-01
7.441089980332612486e-01
7.570091713121267496e-01
7.489744051065178043e-01
6.295672868383361820e-01
6.937129094115658257e-01
7.643378280581305528e-01
3.974341294287867532e-01
6.995554390214386853e-01
4.343569626049263999e-01
2.928411756516696718e-01
-1.110242439778006185e+00
-2.036786846470191481e+00
-1.368990380358915626e+00
-1.422831998482615212e+00
-1.831355347561582025e+00
-9.437374760433333565e-01
-1.315189804177445410e-01
-8.446744418710440128e-01
-5.883433724410273014e-01
-5.648694129659154184e-01
-5.094836264161903827e-01
-2.208242571535889098e+00
-1.240438846990403743e+00
-5.679898937735816666e-01
-2.949297619940184287e-02
-2.326529908692429593e-01
-1.480484026276848164e+00
-1.361534121878207326e+00
-1.264708446201064707e+00
-2.118625974838267645e+00
-2.237736220352663175e+00
-1.446054795107611257e+00
-2.432813728731604286e+00
-2.758989777281783518e+00
-1.257549960199710881e+00
3.744317152931944670e-02
2.767236667409559980e-01
3.870674070121515875e-02
-2.146201683413404282e-01
2.975953084462540366e-01
-2.931311653256101768e-01
-4.799628571480225175e-02
5.235584258835397353e-01
5.855626873396332366e-01
4.874998417879366497e-01
7.530464743602619526e-01
4.338920569571363406e-01
6.831920983677590709e-01
5.965109131981971569e-01
4.951401554415624240e-01
5.824262384925388281e-01
7.340246598517891075e-02
-1.804775527870484231e+00
-9.353887522385031517e-01
-5.956265711457363610e-01
-9.873970534530973620e-02
-8.102673336752579114e-02
-1.183286728428228907e+00
-8.080738028095946213e-01
3.213895348351143988e-01
-3.327342646716947017e-01
4.862687719925470886e-01
8.271425184131347974e-01
-4.126511593449599946e-01
6.625233409521464889e-01
7.644838536121586481e-01
9.937450548482051893e-01
1.210503476754634100e+00
9.764121758381121285e-01
1.062321608960003827e+00
7.872202392441162155e-01
8.549833453470230271e-01
4.573072933747073243e-01
-3.496315859513384194e-01
-1.768717731833983065e+00
-9.326209948214271295e-01
1.732571123093494814e-01
6.922431228842580442e-01
-1.638710831345424834e+00
-7.679158771961021035e-01
-5.514647506056647996e-01
1.624217362070017323e-01
3.886190595854437380e-01
3.535419415097809104e-01
-1.836021778406465854e+00
-2.474941498167810838e+00
-4.823328419368063669e-01
-1.838722776906532630e+00
-1.220008574617674757e+00
-2.013223100224316386e+00
-3.012961716763200126e+00
-9.476648616735643404e-01
-4.702047299034570194e-01
-9.989359701024360660e-01
-2.109558316016925672e-01
4.598332118218178000e-01
4.421872837172766135e-01
-8.789875190448512288e-02
3.795147481908318632e-01
4.956381134248411535e-01
-1.203288354136276217e+00
-4.585760444710039740e-01
-1.365979338033604662e-01
-2.960467103271881006e-01
-6.617309330929972422e-01
-2.301058963725945539e+00
-2.975512940368463255e+00
-2.088803450973279130e+00
-1.396573108854095802e+00
-8.956908623776573819e-01
-3.236921098808000496e-01
-4.949498040585289527e-01
-2.363722789057925766e+00
-1.339065177698018472e+00
-3.114886487741607146e-01
-7.585668964231087608e-02
1.954838998657631721e-01
4.522431984590312148e-01
-2.219553002373446937e-01
-9.999279984103148777e-01
-8.883893139574158271e-01
2.149257458984818181e-01
5.450886236807696017e-01
2.728819357549074898e-01
4.407268951612700048e-01
-1.287979841603001663e-01
2.562853151616838465e-01
3.886754448442014676e-02
1.294379219078330701e-01
-1.414546297225725002e-01
-4.139699771854142840e-01
-1.667212718145605788e+00
-2.203981547928176354e+00
-3.029109244998125838e+00
-2.466456154848044591e+00
-1.250051154417808341e+00
-8.894113520136556206e-01
-1.825157902301182355e+00
-2.169495520646731901e+00
-1.180126678724824352e+00
-1.953442241458177575e+00
-2.560517460979886639e+00
-2.111503452443154849e+00
-2.504423884762846608e+00
-1.893560788341574375e+00
-1.831092180452775220e-01
-8.215869363644712209e-01
-4.495155206483912314e-01
-2.929138684793524128e-01
-9.545854111489066041e-01
3.095500692226267336e-01
-1.203477820692866601e-01
3.929636357069609676e-01
9.636939508987940606e-01
9.413761567304322897e-01
2.762299792127575482e-01
-2.543461269002451064e-01
-1.181738422036985092e+00
-3.713316751351528611e-01
2.555988348521946729e-02
2.251649645586729365e-01
1.275941538285916277e-01
-3.456190356629031957e-01
-1.203405542614077728e+00
-2.049119919393833200e+00
-8.944229852266879499e-01
-9.867363607151408145e-01
-9.970805352690790269e-01
-8.111319708370064996e-01
-1.489693727450308369e+00
-2.370694383162603724e+00
-3.028832071564067974e+00
-1.441461912031300585e+00
-9.186265147949604915e-01
-7.222658878355904255e-01
-1.852047305137220601e+00
-1.232972092988275925e+00
-2.300147819072758892e+00
-1.998424250920102674e+00
-2.203399203383491933e+00
-1.144946097643105620e+00
-1.309621192337397932e+00
-1.749031429684071659e+00
-1.605917518212384154e+00
-2.119510417578069461e+00
-8.589063509614642822e-01
-1.607726075324502624e-01
3.240173811774773038e-01
3.084456746748481248e-01
2.139993733087184324e-01
2.230297780855957090e-01
3.393323566781432654e-01
1.498442718212701641e-01
2.439664373400224351e-01
-7.984933954318755855e-01
-2.820078030859001217e+00
-1.469788826795360048e+00
-5.439175083817356926e-01
-9.997109493786094925e-01
-8.070498025990896496e-01
-8.003655985944315709e-01
-3.092490712153191379e-01
-8.264307268322412803e-01
-1.038548105425193935e+00
-1.244225640687208312e+00
-1.981550233446665921e+00
-2.784426976729748482e+00
-2.667240411245616727e+00
-2.126214047734824142e+00
-9.454169900139887117e-01
-5.035957951975229552e-01
2.171243342707522214e-02
-4.778226351153780360e-02
4.583894720475371887e-02
2.049578861030220411e-01
-5.380222368903763153e-01
2.464378414830143901e-02
-9.071757615432057831e-02
4.633908144296391418e-01
1.617879917292995851e-01
6.128779328685887151e-01
-3.254009986103782726e-02
4.770367944858718845e-01
5.587090254969314662e-01
-4.110277073047959029e-02
2.809340598148041823e-01
4.144377755108249461e-01
4.947160755079917371e-01
-4.940609189336114260e-01
-3.366932105743793147e-02
2.797342529721077442e-01
3.923562129140808485e-01
4.971789505405549425e-01
5.111949238414135177e-01
2.519081314915047609e-01
-2.166448443456163442e-01
-3.788382825326080949e-01
-3.425625381290056115e-01
-2.650873314189312602e-01
-1.487932305446675318e-01
4.008135506577005791e-01
5.617558541705783837e-01
-2.501587825149286237e-01
-5.901331162154194176e-01
-2.005735496890346692e+00
6.345960446183561421e-02
-3.038651077685717850e-01
3.543792468980534460e-01
2.792233798644284670e-01
1.822575174371440232e-01
-5.354283628388710747e-01
-8.228867781693109951e-01
-8.184889786157062419e-01
-1.510614191895049974e-01
-3.818540429239064560e-01
-7.029808888104367715e-02
1.808095353648062897e-01
4.267433508793283536e-01
4.162391297575326887e-01
2.804589179194840742e-01
3.422848475294861248e-01
1.965512413627946153e-01
2.315324690871852775e-01
3.400033907637394631e-02
2.499375890386086874e-01
2.399897389575425810e-01
3.385933733224457121e-01
2.022201462499044478e-01
-2.356527989588536320e-01
2.078872537420431710e-01
3.823302188658331824e-01
2.413943025010530652e-01
2.023852187796127688e-01
1.423625695519717925e-02
4.061859381171357697e-01
-1.656861865143107737e-01
7.570168627362180991e-02
2.927079031650425822e-01
1.751484091425979661e-01
-8.997631971977583243e-01
-3.743831815176570377e-01
-2.884266777549262528e-01
-9.433182328072960143e-02
-2.583519597683739399e-02
3.153592043376526183e-02
-3.699600573412322596e-02
3.218384037258233826e-02
-6.643737852470557592e-02
-4.298313048278863402e-01
-6.369188679471305958e-01
-3.334028399462676262e-01
-1.245967623552858505e+00
-1.702909938899276332e-01
5.229310556727636561e-01
4.661122403249512991e-01
-1.182266336337798318e-01
-5.558813132405298063e-01
-1.287932432625604973e+00
-5.160580866814645784e-01
-7.970366561507069569e-02
7.725241401486677983e-02
-1.550343206847732969e-01
1.094109731458500490e-01
-4.457702815760321013e-01
-2.125331701650198024e+00
-1.698280921452906878e+00
-6.591279220680552609e-01
1.501547799027327657e-01
9.448882983433512517e-02
4.437511873053523459e-01
1.366033049629515328e-01
-1.084838145697501616e-01
-1.424617034642211011e-01
5.783997962218542094e-02
1.872611719693862420e-01
1.118126293711396851e-01
-5.237183033663472820e-01
-1.147286087933623300e+00
-2.524359773796464035e-01
-3.723700102175782067e-01
1.122192344521382168e-01
5.282789976314183900e-02
-3.779937582458177125e-01
-1.352125095603406157e-01
-2.226917040181508878e-01
-1.957898153860726298e+00
-2.330910218948385904e+00
-1.557542483543333134e+00
-8.682475552326139601e-02
1.551556173133896745e-02
-2.505691699922149573e-01
2.886580219658922419e-01
4.213882106825667662e-01
4.924921213386809216e-01
1.731397829187578952e-01
-4.288102580039741540e-01
-5.817543490437794285e-01
-2.229971492646259379e-01
-8.865195440601923993e-01
-2.382917011745691038e+00
-1.521774910862061514e+00
-1.395642507769944585e+00
-1.038768483242853202e+00
-1.810638551254718065e+00
-2.670773489374760334e+00
-1.967627342884272768e+00
-2.405749566226675462e+00
-2.543712423175290116e+00
-1.311010865978489592e+00
-3.480559812156353017e-01
1.567836281829187162e-01
1.723041421928198369e-01
3.349243286449928858e-01
2.669095263127858053e-01
1.941677470331973632e-01
-7.193227567279975032e-01
-7.541410799869320281e-01
-1.475621961928231807e-01
-1.965117447500888074e-03
-4.361741485584726408e-01
-1.725580311606268236e+00
-1.095696300350035512e+00
-1.659761002219531933e-01
1.263537599175553194e-01
4.853677490781155845e-01
4.671625756217102077e-01
2.995301538902266913e-01
5.123694549574084878e-01
7.413793980029147468e-01
8.968464514379690389e-01
7.713893621834889691e-01
3.877683248758822532e-01
6.546357214413740522e-01
7.697416850350823347e-01
8.504792272985480794e-01
7.284552866664677218e-02
3.009219332065132257e-01
4.490711536816101024e-01
4.983401873829572115e-01
4.325387215493803894e-01
2.917175710987889303e-01
1.702746650612859125e-01
4.569735970744475129e-01
3.970473145648088509e-01
1.375315891448959660e-01
5.647756710635379873e-01
-3.154886674201800439e-02
2.038343945312232064e-01
1.790463367859030097e-01
-6.475158396138231548e-03
3.317456247452542084e-01
5.487025519869345169e-01
5.366648503081448141e-01
1.600047951584485928e-01
-3.302802107478676197e-01
-4.148103502019194477e-02
-6.734407758840498248e-01
-2.231928834661171202e+00
-2.706908293269123078e+00
-1.172722614701808608e+00
-1.341704587660729864e+00
-2.680959574132356860e+00
-3.050185700805096545e+00
-1.079217526206565969e+00
-2.179751936442703153e-01
-3.437349680289678022e-01
4.752009150874542814e-02
2.491824250031953736e-01
2.279414499569043795e-01
1.787639269678493459e-01
-8.738857592121830331e-01
-8.623225403199911154e-01
-1.893520672566486873e-01
-8.746687099515448871e-02
-2.903907086512593216e-01
-1.534404061312830136e-01
-5.312878632509633325e-01
1.613949129104041286e-02
4.352169654959015671e-02
-7.436025836393891364e-01
-1.888043328834266843e+00
-8.990405039440279023e-01
3.471308019251582166e-01
1.564017970818882830e-01
2.164670293698903736e-01
4.251133943146117034e-01
6.842825418339755217e-01
1.587114052890436777e-01
-1.250197039273317490e+00
-5.106952158126377705e-01
-2.293415857445309930e-02
-1.344745731423763857e+00
-3.382280330458359852e-01
8.735448761296572828e-02
-1.346842358426849351e-01
1.903216778545885890e-01
8.527084387836347812e-02
8.843804957363393671e-02
2.378995660323405259e-01
2.256395790919192013e-01
1.213667399362960697e-01
-3.634671673761635802e-02
3.598403457528651095e-01
-5.970243326235659398e-02
3.092790318052049316e-03
-1.980706034076328004e-01
2.169514127390091002e-02
1.335140743520168705e-01
-1.513604917376018211e+00
-2.621458752545795967e+00
-2.608438647652338460e+00
-1.070765540925904036e+00
-1.473170154309936031e+00
-2.944155114872874512e-01
-3.730379568964816150e-01
1.345193016048962797e-01
5.491060373282970804e-04
1.245638512489218030e-01
-1.107779908489832238e-01
-1.260394597881018056e-02
-4.145005531889931621e-02
5.789746749837690332e-02
-9.882458727583447455e-01
-4.798159324986252527e-01
-4.715028277245644217e-01
-1.255115213576414535e+00
-2.318381491457078614e+00
-1.033494843401717489e+00
-3.378053640887070941e-01
-8.670728385906883995e-01
-6.503758095537359729e-01
-2.041914284908660893e+00
-2.499218868173254116e+00
-1.580310365689630903e+00
-3.811057532540068626e-01
-4.450033704014515479e-01
-1.037925778517497510e-01
-5.048898053956741849e-01
-3.552598681685811277e-01
-2.777655630824986122e-01
-3.030216238557950637e-02
8.149779132736478804e-02
2.098539265638152962e-01
-1.274237209375029156e+00
-3.993928610864952433e-01
1.408474803608418258e-01
1.324603580810347903e-01
2.522185606254068735e-01
-2.244943861662443696e-01
-4.641399374707546044e-01
-6.294506077836189428e-01
-9.341780211153156710e-01
-6.170343284401601514e-01
-5.270882285838053294e-01
-4.562588287924805308e-01
-7.402909202517834464e-01
-2.360372938882416838e-01
-2.613490944078994960e-01
2.445069722157217351e-01
7.138718575989894122e-01
6.663898232429554813e-01
7.523163876813228068e-01
5.620699897694448888e-01
7.718462326305914889e-01
4.663154422681172750e-01
1.141117818287793045e-01
6.553571944316629455e-03
7.962765507275713917e-02
-6.316550446613558023e-01
5.292743391002657782e-02
-1.030719806420235529e-02
7.631981383403670105e-02
4.569717227401164372e-01
4.028915855796325607e-01
-1.255745693842314159e+00
-1.837714237082636037e+00
-3.059232421728067322e-02
-1.140067122602952399e+00
-1.313151236024004964e+00
-5.572055763535485040e-01
-1.054773022319188014e+00
-8.707249676748616274e-01
-2.923691535621804616e-01
-1.698541905173289734e-01
-2.674733020772958603e-01
-6.922272730908154426e-01
-1.009574877143844418e+00
-6.567255295107142787e-01
-1.732298427388596185e+00
-2.729696075269234967e+00
-1.742875385029734048e+00
-3.284720746781186751e-01
1.455992451498917539e-01
-7.867363977121906438e-02
1.700922872144835230e-01
2.118381493392018089e-01
4.417289006122375739e-01
3.456633553881333643e-01
-2.192043003954996516e-01
-1.301522801115599037e+00
-2.396640541735851337e-01
2.564387563835127670e-01
2.121038569963040188e-01
4.617849547573777552e-02
-9.306016788577495813e-01
-3.484725116151732860e-01
-3.719441603165409282e-01
7.588785274511662682e-02
3.612813463170636563e-01
1.162618025000599908e-01
4.486497765030474372e-01
3.241772676503257289e-01
2.625863550036320881e-01
-9.048023519864374642e-02
-6.132652654079812082e-01
-4.696748733906578877e-01
-5.885729306263062233e-01
-6.387692090655266997e-02
1.208494389476461178e-01
4.287537024003502673e-01
1.434269765444072253e-01
4.860045224624571780e-01
8.737808566541531707e-01
1.101094576069497677e+00
8.376766240770148197e-01
1.016536345983433787e+00
1.196856478360063480e+00
-3.322612775121022155e-01
5.747639133658273281e-01
5.269664863151310996e-01
6.069696980622215632e-01
2.868846759078440001e-01
9.753125839195955771e-02
4.646402105924117287e-01
1.675734750756599500e-01
-1.679744903956284507e-01
-3.473641946497754707e-01
-5.214436904509178738e-02
-2.373634943182854506e+00
-1.717184523707399935e+00
-2.395366807609600468e-01
-2.227043965572721163e-01
2.367500719899418848e-01
3.937885794702019604e-01
5.727441720006114512e-01
-9.597182104036556805e-01
-2.441500121227203390e+00
-8.408467167640698570e-01
-1.600639148739458228e+00
-1.704713718993024374e+00
-5.448011067700802013e-01
2.429182328649529543e-01
5.211174807813895304e-01
3.797018520927904484e-01
2.475310833782087827e-01
-4.795627186771134753e-01
2.190265761419209201e-02
3.243498474052113889e-01
3.436414091906229706e-01
2.678177902210821526e-01
5.091370694119269347e-01
7.665122279674729810e-01
3.984393475816382924e-01
-1.627436543202346875e-01
2.313022875937851830e-01
-8.530709618046250498e-01
9.961140234978936581e-02
2.787795366540241071e-01
-3.229947983971491899e-03
-5.737530343390154774e-01
2.398339512009621532e-01
3.701877271341842413e-01
1.148455069459920624e-01
-5.497235003286951027e-01
-9.777038806086906231e-01
5.367200060148925589e-01
8.652146399384116338e-01
-2.350754246544284609e-01
-4.799121085912131934e-01
1.661054927573356321e-01
5.800615521114452777e-01
7.306186660966749180e-01
5.566549181284687897e-01
-3.858145869432484942e-01
-2.401199209599715612e-01
-9.677887767623977178e-02
-1.431303107553049681e-01
-1.430434593217865480e+00
-1.510385251828752495e-01
-2.895046798261226573e-01
2.732633006157959010e-01
1.029901344749367675e-01
-4.488214679489334613e-01
-1.221189917677845127e+00
-1.349926772223412896e-01
4.922208889468025483e-01
5.373857155259175178e-01
5.052551296489834476e-01
7.723334823032921292e-01
1.053081604616782796e+00
-1.737653316640310197e-01
3.484974654977411879e-01
-3.291092926537708685e-01
3.297241670223606813e-01
-3.407481086524331571e-01
7.934782453336012287e-01
5.704772958139917582e-01
-4.545398152793500568e-01
2.427845198477462108e-01
2.955819457893296698e-01
5.324671207725264338e-02
2.200742895758211470e-01
-2.988022463477785773e-01
7.458717972038962918e-01
1.062890150685781521e+00
8.332186298505470448e-03
-5.119191088772887532e-01
-7.359778624461278396e-01
-9.073214942453852183e-01
-6.099385059838793310e-01
-6.368745025854815056e-01
4.407117907234026077e-02
3.154589210147906025e-02
2.330969651934529097e-01
1.431317113771762017e-01
1.203644439508965019e-01
-4.433824352896102994e-01
3.457696285217919385e-01
2.017907260133059155e-01
-2.045372596995616576e-01
4.006862497934454148e-01
-6.436316137553486916e-02
5.910757326131346190e-01
2.818032102640616668e-02
6.279884518690243000e-01
-2.965477086739588541e-01
-4.690877016920598219e-01
8.852894950784211126e-02
6.771197609161347386e-02
1.133344603741129053e-01
-2.040774607245693373e-01
-4.798496735805136137e-01
-9.402809252925140027e-02
3.431500834007668033e-01
4.303983952354270004e-01
7.496663890260059082e-01
7.168351726196572349e-01
4.287468383655371751e-01
7.629247041177802391e-01
7.692612687403475036e-01
1.112430904025025313e+00
6.709278404134426665e-01
7.773994409097209068e-01
-6.821127061626304222e-01
1.735707970467225414e-01
-5.614252973856460605e-01
-8.172274492577993876e-02
3.585582134223955775e-01
5.400270371520544677e-01
-1.018242761564473464e-01
-6.191017004155938697e-01
-1.558152491038268694e+00
-6.366831814355103925e-01
5.225981300018809478e-02
-5.851889458108625736e-02
2.038127552158773281e-01
4.014016223158076158e-01
-1.575988427471763931e-01
-2.252167315826216210e-01
7.631310167373319721e-03
2.729257324880069446e-01
-1.763300198151793174e-01
4.590882659524044285e-01
2.996089292423650408e-01
1.049860684338275396e+00
1.041312065049397440e+00
1.037083460323970252e+00
1.057068931639362441e+00
-1.280236036409639067e-01
-3.418189811675111378e-01
-3.399766958716808340e-01
-5.826108207278597739e-02
-2.429266930256457346e-01
3.246847762293366690e-01
6.302711977334635174e-01
9.926602279692563480e-01
1.132068131442286241e+00
1.132205464240311876e+00
1.137465988857368382e+00
5.189276778514733124e-01
1.013015651135908524e+00
9.604492964754706152e-01
7.787115892046674315e-01
5.568088767669863159e-01
5.804251033291092376e-01
3.407261453931735296e-01
3.881689936241183303e-01
6.133599869304778851e-01
-3.893220145596026360e-01
-1.020129750472895391e-01
2.267093376828226703e-01
-4.726656896397824492e-01
-3.933254840035971256e-01
-4.875033716036987208e-01
-2.437636218958408874e-01
-7.574431151660286909e-01
-2.113346390280913811e-01
-2.081386205770484332e-02
2.373795273569800357e-01
2.471545186439142450e-01
-2.302607485257195941e-01
-1.406898876566841650e-01
1.131757726052741719e-01
-3.307356524676861032e-01
-1.221526733829112921e+00
-1.594165679157346638e+00
-9.966284388280340911e-01
-8.171932437726060483e-01
-3.577176106744613948e-01
-2.986527613876444054e-01
-4.565519623637558366e-01
-4.831496600194697955e-01
-5.668547551508343885e-01
-3.765989915267192178e-01
-6.892437145201744941e-02
1.313318309724886002e-01
3.901792959058852373e-01
-3.510061552955984210e-02
-4.156475009836638201e-02
-5.667045625005828063e-02
-3.004385646623431438e-01
-1.895124839390491533e-01
-5.805889697147824657e-01
3.931431861051470356e-01
5.858457761430575506e-01
4.984184416472497436e-01
5.986663247633698948e-01
5.739162016643790665e-01
2.794032149654692709e-01
5.081103741458820044e-01
4.343166384685738790e-01
6.832624640551721029e-01
8.173053699966723595e-01
5.034055821255605245e-01
4.958141003378839229e-01
5.575488996558701782e-01
3.816386766267085284e-01
-2.851736937879685851e-01
-3.031902215947158696e-01
2.604221323104920563e-02
-3.957431558170989017e-01
-1.346507388172869524e-01
-8.551455955472812842e-02
-1.425666850588409584e+00
-1.418201020070137819e+00
-2.109038225795528909e+00
-2.288530810995112574e+00
-2.237192032118251905e+00
-2.758397117502762175e+00
-2.022856033173528356e+00
-6.526475981217203515e-01
7.863941725633082080e-02
2.348765246559320896e-01
3.961445720602347342e-01
2.721520177587846145e-01
3.894204962125066283e-01
6.324514451899257983e-01
7.284074937466503696e-01
5.111992660303490421e-01
2.864225115868144766e-01
3.462211592601283638e-01
8.496548375573384493e-02
3.070654698790185599e-01
-1.500060312602602419e-01
-9.986275512952751121e-02
3.422518018842620191e-01
3.539515449497986910e-01
2.330233896829221885e-01
-5.890483157361817712e-01
-1.934264601091757740e-01
-7.767056826260231028e-02
4.431359390905804108e-01
4.588522965230455442e-01
4.870466225110589575e-01
6.384759144124292352e-01
5.041936268475767369e-01
3.583713740365310763e-01
5.965545131195474360e-01
5.419814281904380415e-01
1.015292971685456402e-01
-2.968210438718254639e-03
2.615616513788567854e-01
-5.004697668773343544e-01
4.102781565194610347e-02
-2.941548643174240474e-01
-3.990175773728867753e-02
-6.297274364877325503e-01
-3.448822801503300117e-01
-3.529975152501675373e-01
-7.377942576267889629e-01
-3.994029474196865159e-01
-1.363392360389400038e+00
-1.894676154413743596e+00
-1.341797034150198797e+00
-1.781276624585759194e+00
-1.461187855326761209e+00
-1.474161353132618979e+00
-2.439455159655250061e+00
-2.555540064224314012e+00
-2.607409262037210684e+00
-2.980210789862159704e+00
-1.759003742630422140e+00
-7.255895983370251878e-01
-6.379200231425649278e-03
-1.379132343644529746e+00
-4.966934728378125108e-01
-1.440676571156618069e+00
-1.787316581847219421e+00
-7.709808566029862087e-01
-2.193648686471335374e+00
-1.494613869153355923e+00
-6.955253096909399524e-01
1.107625909869690145e-01
-3.748842032763304855e-01
-7.488392486869839271e-01
-5.937267659327305491e-01
-1.311468596013479315e+00
-1.260307212554811818e+00
-9.820892255823737704e-01
-6.415160808048445684e-01
-8.051184871355422379e-01
-3.114063842528159709e-01
-3.473595163555138945e-03
-2.211752965769237661e-02
-1.154415554305678326e-01
2.334135677397029540e-01
5.369514057636738391e-01
6.158870577211635888e-01
1.933625731724051278e-01
1.134691370099938368e-01
-3.016771465508270075e-03
-8.804001801261583660e-02
5.288266575385691670e-02
-3.453807919640490554e-02
-1.629640197349892627e+00
-1.807122103171972860e+00
-8.342648272694036526e-01
-1.616115949027503162e-01
-4.138321577380364991e-01
-2.384738836386894600e-01
3.653604174239682423e-01
3.463280198093952600e-01
4.111902385604794818e-01
5.347611568211209088e-01
4.519317880227678441e-01
-6.754824830981015493e-01
-1.297341493924372147e+00
-2.027406242858099394e-01
1.763722189548642683e-01
-9.201253128704113271e-01
-8.022855783036328958e-01
-1.088316034546076727e+00
-1.970019244071876674e+00
-1.964476790231123093e+00
-1.215216771596978385e+00
-1.271247225612455845e+00
-1.100602440514207192e+00
-7.930892978055453790e-01
-4.520600945182727814e-01
-7.465663493091327652e-02
2.822724692711330863e-01
-3.753445183326908907e-01
-6.091917843063461291e-01
-1.158023994170301663e+00
-6.281160117782935703e-01
-1.030537937499696577e+00
1.198013557877375124e-01
3.315383483203531573e-02
-6.235541824771476671e-01
2.223377136783011576e-01
-1.054414646494982843e+00
-1.018299309849090839e-01
4.025020707847465906e-01
-8.960653413973963533e-01
-9.255821036994307249e-01
-5.016591647012678123e-01
-7.339323297373682997e-02
-5.904481571574996535e-01
-1.578757835629849060e+00
-9.291529960270354938e-01
-4.477089023742192864e-01
-5.793008636488241603e-01
-7.339231021693279899e-01
-2.043920910290958348e-01
-1.457667102289651684e+00
-1.808767383440341492e+00
-2.512760922806007713e+00
-5.736548789688243888e-01
-4.749214234500088311e-02
3.701953411848967757e-01
7.838823711267389749e-01
1.024301474917789362e-01
-1.071879404340666087e+00
-2.152759168198282502e+00
-2.328842041247522587e+00
-2.947902750292473950e+00
-1.531089984833383211e+00
-1.368916950161337631e+00
-1.117644545152352675e+00
-1.380298602414259168e+00
-9.776751404709834725e-01
-1.676180823630033290e+00
-1.056350990696470982e+00
-1.851595043073398505e+00
-1.416602360104505465e+00
-2.071167542337079004e-01
2.223245444875326382e-01
1.545093900806969109e-02
-2.708358389085429585e-01
1.463962326097164035e-01
-7.598110073245784024e-01
-2.400284480113206720e-01
-2.338467485308331206e-01
-6.352573073067390164e-01
-1.074004757158419476e+00
-1.308249172185375286e+00
-2.489725004557841181e+00
-2.264502126758735745e+00
-2.311407257309169960e+00
-2.359522215351203211e+00
-1.896427437208521694e+00
-1.154092024466851774e+00
-8.735966633635000589e-01
-4.965019110806607738e-01
-8.891920661124036451e-01
-5.876553687343007981e-01
-1.131066251747515732e-02
1.587537430190625043e-01
-9.572480549570342445e-01
-1.336080806930389775e+00
-1.688457867614156616e+00
-1.973980987848094282e+00
-1.002001215170655435e+00
-1.323381838030665891e+00
-1.826759130835157396e+00
-1.452624378320261700e+00
-1.862804601610291710e+00
-2.202468902923811811e+00
-2.058333220369144012e+00
-1.730669074834936261e+00
-1.311516885301934998e+00
-1.677194688822180035e+00
-2.196203807920130036e+00
-1.913283093114388267e+00
-1.207922692587522162e+00
-8.564000913316079933e-01
-5.597138524594972298e-01
-8.565665435805864814e-01
-1.697877714830750673e+00
-3.863414016829827546e-01
-2.627952528056000658e-01
-1.050731463674970251e-01
1.818804576955656421e-02
-1.881536461294022466e-01
2.090294052291319371e-01
6.262948697106938134e-01
-8.547195856186226570e-02
4.096185340020089272e-01
7.862030251184227714e-01
6.694134101581133978e-01
1.069524986666265054e+00
1.253935284183740340e+00
1.197151407656071642e+00
7.954799403991875684e-01
8.516857428969916155e-01
-2.640806475124080066e-01
3.863448685305630459e-01
-4.504369152631452211e-01
5.128615655628948611e-01
-1.697779720994831709e-01
1.123654270335201488e-01
4.107648775181844125e-01
8.041362901151989373e-01
6.010733743015779229e-01
1.441373663653755244e-01
-5.747282529206260149e-02
-8.624928184866664793e-01
-2.499092806356486285e-01
5.133448008305264709e-01
-6.643411224605210406e-03
3.176303812188721598e-01
-9.959374460256495420e-02
3.520659640819241987e-01
7.371603191312060543e-01
7.103304064696684961e-01
6.367003164986965169e-01
7.761040215997089264e-01
6.885895528546215338e-01
7.293388595561413057e-01
4.332693360695097362e-01
7.680056551322257397e-01
7.716778026143170655e-01
6.407851810492269928e-01
-7.114996907864475917e-01
-1.204116554036961384e+00
-1.711075617963078388e+00
-5.930520020293104100e-01
-8.689646117994318519e-01
-4.048090911445108020e-01
3.696241971678974059e-01
4.023678385792858747e-01
4.131835209684021626e-01
5.367831442601885827e-01
3.209343825512486204e-01
1.119114161344359815e+00
9.872308913810416975e-01
5.061800258268412955e-01
1.107744869651755337e+00
6.337293849060191553e-01
6.651300804153665869e-01
8.299269803204688545e-01
1.235901417661859902e+00
9.102892509700775125e-01
5.158671982518995280e-01
7.440321925701145478e-01
-4.039589356739606285e-01
2.441907974966399941e-01
5.582912135629777284e-01
7.096493945794105640e-01
4.898374096415893941e-01
5.273269214757513312e-01
3.535115300700042429e-01
3.879510393704624360e-01
3.549099693500591957e-01
4.843464651711905655e-01
2.914908980669155825e-01
8.598932334235037667e-01
1.029314674912619854e+00
-1.932384519119021982e-01
5.560984674056964616e-01
-1.095523994826091085e+00
-2.722453109204559518e-01
4.730544352681452791e-01
7.981509560475829046e-01
7.631226842200818927e-01
1.057282018846718463e+00
9.123913212465285527e-01
8.240651349210587062e-02
4.808143485904627368e-01
1.188357841485921718e+00
1.200051807627808165e+00
8.057204219740828899e-01
-8.680515722681517166e-02
-7.670907484743391125e-01
-1.842743964763128295e+00
-2.194187801691734663e+00
-3.726621447316014191e-01
7.114004665289355156e-01
7.269587204610910014e-01
-8.992482035186952771e-01
-2.204630673301132937e+00
-1.959380538842038444e+00
-8.407091962144854769e-01
-7.469797153763326758e-01
-6.483651793539783048e-01
-5.070124225016350294e-01
-6.655726976664922967e-01
-3.375787796584213130e-01
2.940285591424550149e-01
1.268413965462097948e-01
3.277329956852559345e-01
3.141330399271025642e-01
3.147912526267723776e-01
5.868004722180549804e-01
3.234042861157371274e-01
5.927080073355478484e-01
9.233793275218206142e-01
8.852856407101729053e-01
8.798855402921543778e-01
1.113222232971603942e+00
1.189542241145479684e+00
1.145705607933550807e+00
-1.658254786884303389e-01
-8.216446634366908475e-02
1.316770397761619360e-01
-1.382349496776660969e+00
-1.969492962798108371e+00
-2.831250170421845791e+00
-3.240020167551535657e+00
-1.060907186122519219e+00
-4.475468368571316503e-03
5.356828741109360692e-01
6.045665888017691669e-01
7.093015481576010473e-01
7.050416975654886231e-01
7.144485177930550712e-01
7.186396803031385172e-01
6.351520095572257274e-01
7.044352211708470035e-01
6.377596514843407727e-01
7.955734919420390239e-02
-3.522566712958191681e-01
-1.353174604397136660e+00
-1.895228927796459573e+00
-2.179834067741100334e+00
-2.070369731343265407e+00
-1.256014637376499765e+00
-1.106318444905973530e+00
-9.937854587631630432e-01
-1.996900324168584095e+00
-1.056997531467133822e+00
-1.937017090152707843e-01
8.341371924551344019e-02
7.317357261307090299e-01
4.085808083949659109e-01
9.805643941386991969e-02
6.056687054388207314e-02
-1.185259175042060742e-01
-2.150826803451442726e-01
-5.401506171277414836e-02
3.127998833547639967e-01
3.779135360857437953e-01
4.431608101941829636e-01
-3.953151312284556435e-02
-7.308259065481631511e-01
5.021561932967271158e-01
6.914917243747917830e-01
9.672844145553193274e-01
1.146120476208538630e+00
1.339942024599596548e+00
1.313811452801616708e+00
1.308079820422217265e+00
1.202846203152047933e+00
1.450146028404810217e+00
1.344836532405429663e+00
1.427973818095188863e+00
1.373802431734494345e+00
1.539742681934866297e+00
1.345784713817890887e+00
1.450559732016961201e+00
1.533542193358477412e+00
1.708191185778316301e+00
1.514838147087756104e+00
1.586098774211189166e+00
1.600001969043449490e+00
1.631728393443639069e+00
1.168316444492550454e+00
1.659152049352460079e+00
1.476800620541433240e+00
1.373787594129872280e+00
1.394481165763480579e+00
1.370809517540772848e+00
1.498530174235892742e+00
1.579749887711151546e+00
1.645394015502546381e+00
1.460336541712361491e+00
1.801042252928297005e+00
1.413851484619905063e+00
1.062703869377186860e+00
-2.501147002471680869e-01
-1.911659950065154545e+00
-2.373746680485597338e+00
-2.020797917081497808e+00
-2.764521781761639652e+00
7.793216055384688534e-02
6.638085448519669418e-01
6.875536782025235549e-01
2.702090788913353858e-01
6.180030061902985761e-01
7.327173341557708941e-01
6.941849420236371193e-01
7.749189505422588997e-01
1.015693943280089745e-01
1.194244665350456813e-01
-1.438460969064078721e-01
1.091216238600447030e-01
4.661786555279776034e-01
-3.590620007630075938e-01
-6.551157942103558174e-01
2.228015313530210678e-02
6.224292960370255701e-01
8.414297611799634868e-01
3.573601919814881067e-01
5.281788853138410511e-01
5.080338459305240306e-01
8.710828196165296688e-01
9.910443280086272955e-01
1.227709957404987007e+00
1.307338886286397939e+00
4.386502780220383202e-01
1.012755300138209247e+00
1.394615733022868120e+00
1.363762453564073329e+00
1.116908357554273978e+00
8.296972873592036724e-01
8.182728087300300546e-01
9.988523726481209897e-01
9.241437171392729022e-01
1.023282022106981826e+00
1.082858690757482423e+00
1.196570317432114727e+00
1.223450780346967859e+00
1.238912377804289644e+00
1.258467497931355483e+00
3.539882495977684784e-01
7.226016642743123830e-01
1.085661013834523958e+00
-1.517544785153050135e+00
-1.465279040029579649e+00
-1.280441100724912351e+00
-2.993955245878323068e-01
-9.859210936756144239e-01
1.780769718204045782e-01
3.604388431199085918e-01
1.823582223441754802e-01
8.802391915761537122e-01
8.383737858599886739e-01
1.107767296975105120e+00
1.377440309216041880e+00
1.409740599369340153e+00
1.035377182421053144e+00
6.077544223526913925e-01
4.906772729759333318e-01
-9.975060125692403190e-01
-1.584640579614081224e+00
-2.312278696462690242e+00
-2.095975769256487542e+00
-3.920983474833240195e-02
-2.072707399127611261e+00
-2.084754900837528346e+00
-6.817372069481613117e-01
-6.089938059574339091e-01
-1.733786365180427724e+00
-2.852089873143764720e+00
-2.002130365341734830e+00
-1.218077099180182143e+00
-7.029154708961732334e-01
-7.329196931611818566e-02
9.199710705387330323e-02
-2.719511132536991393e-01
-6.617564348585994738e-01
-8.789572864311405720e-01
-3.717777034179965689e-02
3.813856198288775312e-01
6.700033396871850622e-01
8.485863086160356783e-01
8.511274527124081946e-01
9.893810614328376607e-01
9.328711160732700014e-01
1.014968025238789817e+00
2.121399440496570810e-01
4.931390523985256236e-01
-4.071715392460434901e-01
3.055153473759241733e-01
4.069208345935598214e-01
2.246164945617674380e-01
5.040936074124710009e-01
8.830481662540662358e-01
8.662624601601983665e-01
2.466020953715349628e-01
1.014090999224028344e+00
7.729892586336751803e-01
7.702486290220895704e-01
1.197944961197761199e-01
2.156948943932799345e-01
1.452609403947323907e-01
1.253696427395443458e-01
4.203096919091535433e-02
-1.295084908858487482e+00
-1.025085602872979118e+00
-1.992337799296540757e+00
-2.364233301740421567e+00
-1.246007826596834400e+00
-7.938983686636794657e-01
-7.347504879401999256e-01
-2.382503239461169375e+00
-8.262856309068339344e-01
-1.294202913060125582e+00
-2.423412136116522397e+00
-4.517102836904158258e-01
-2.434541546041534832e-01
-5.019300293920540001e-01
-4.518393655313063806e-01
-1.137559944417033897e+00
-1.032427833241347237e+00
1.063266220462164881e-02
-1.106837971281806166e+00
-1.495269207315999438e+00
-2.254384574323331503e+00
-1.548495761090125544e+00
-1.796698243071241707e+00
-5.294317273961517412e-01
-2.760995198884999446e+00
-1.015442466012586920e+00
-1.950985467035525556e+00
-1.756070967641503833e+00
-9.281641748252217328e-02
9.200335404134620809e-01
1.180305320892945486e+00
1.263446839487398776e+00
1.103237174848750390e+00
6.911289562891286264e-01
-4.563897170712514773e-01
-1.266022041387933061e+00
-6.517940268031330309e-01
2.513447160080244380e-01
7.223089937060654941e-01
6.913015895599547989e-01
-1.433025205486799791e+00
-4.216655092882738987e-01
4.062530503642352575e-01
5.523761306057731746e-01
9.477593043053523791e-01
9.539333913608144533e-01
9.854865747916303764e-01
1.175186615755058117e+00
7.908512250205670391e-01
1.151544031533031420e+00
9.320996173940663265e-01
8.197488888102062443e-01
7.639526630114387151e-01
7.829063545711311134e-01
-6.789725088415350385e-01
-2.995589914074230919e-01
3.854261299476119951e-01
1.001818335347217870e+00
2.598439688114077550e-01
-6.672649324423061135e-01
-2.879855685841649748e+00
-1.043673020940558915e+00
-1.657740887506185257e-01
-7.301106543870055088e-01
7.114306433701443888e-01
8.672793192945538188e-01
6.386408331607137390e-01
-1.121546708466054365e-01
-1.625284516856401185e-01
-1.783885269724078682e-01
-7.446560784844571401e-01
7.547879508869045906e-02
6.668650324135281249e-01
7.498815278833996789e-01
2.901114536645307274e-01
4.886277209747515449e-01
6.405783646161996581e-01
6.456819577407515443e-01
3.256878733462528763e-01
-8.572928760153953887e-01
-4.551048647314994144e-01
-1.512575745387045645e+00
-2.260943794759493031e+00
-2.603860081873432541e+00
-7.253889320929004514e-01
-2.313541986627257074e+00
-3.785572303562300678e-01
4.023495661221416220e-01
8.464225568951575518e-01
6.596108503760979014e-01
3.205853045182098238e-01
5.707109005678675517e-01
-2.774017116005405570e-01
4.828854025347049661e-01
6.835034896261585891e-01
2.614393071027134030e-01
-1.209571757546774817e+00
-5.439487295593649074e-01
2.393625437374201879e-03
-1.718243911036592964e-01
-2.591005128112572997e+00
-7.153306142068400764e-01
-1.582138964799193914e+00
-4.148301550745040478e-01
4.306943481183362343e-01
1.125742845221759048e+00
1.038355766221344290e+00
7.557298044723350650e-01
-1.183057691864443095e+00
-5.248646507577688913e-01
4.581746955847567637e-01
-2.567478093109378662e-02
-2.043264495793370106e+00
-2.917878889935116016e-01
-4.765585408517695742e-01
-1.137246685772629995e+00
1.977352443014044059e-01
2.209571553337457417e-01
-1.912342142773587161e+00
-1.717221971468604336e+00
-2.779156417042932592e+00
-2.217875121751867518e+00
-8.502041995404199248e-01
-1.057580910739777336e+00
-6.605979026081507666e-01
-5.345148943257921337e-01
-5.411759953422982106e-01
-4.157588343793299224e-01
-4.161917053560485469e-01
-1.064709623756648210e-01
-5.526508332122807010e-01
2.236785538587429956e-01
7.917022743328297474e-02
4.453953368083022335e-01
4.254092240106402412e-01
1.083493672654060186e-01
-4.601042281496268704e-01
-2.452258141986331935e-02
-4.350160877117164038e-01
-1.388964632592382120e+00
-2.755058440658829655e-01
-4.961819775918228648e-01
-5.719475562198822471e-01
-1.683525136598874594e-01
-8.155277473078705874e-01
-4.731734492515213275e-01
2.938104485840422470e-02
6.828843206779632302e-01
8.113476639289163295e-01
7.772970676391532940e-01
6.707321856595906961e-01
8.573151444573169355e-01
1.175498230721951642e-01
-1.728246071636582171e-01
-6.584075675128396588e-02
-3.983236252904055474e-01
-2.806703810046899394e-01
6.590998851075242915e-02
2.229588339676810416e-01
6.058495009556459643e-02
-4.606381408562024715e-01
-4.122167590406476956e-01
-1.629516587059544275e+00
-2.731535831353161026e+00
-2.667844128669211390e+00
-2.679130061708625110e+00
-2.484151712688825953e+00
