3.455426144737187011e-01
2.359576701480147476e-01
-2.666446691745133490e-02
1.412022178882621493e-01
3.383523755873831806e-01
2.254020092961956379e-01
-1.281698769890365630e-01
1.360593235796672129e-01
-4.341317061329742766e-02
2.663829028916598340e-01
-5.628643201391543283e-01
-6.203912090601458873e-01
-3.881648751143670917e-01
9.248792118867524281e-02
-1.406036421794529256e-01
8.661095529257088754e-02
2.657442555736315715e-01
3.759444198394941705e-01
3.331566385657055429e-01
6.390869492761940274e-01
6.171378157440677859e-01
5.751843314031073184e-01
8.105289954446028844e-01
8.277438201415725505e-01
8.719072290076387288e-01
7.551967660874514543e-01
8.635635253813982448e-01
5.543432931094377514e-01
4.377520905638828674e-01
3.040059375054657287e-01
2.769887237872230012e-01
6.313543825487948347e-01
4.754089765528575207e-01
5.848445088471160291e-01
5.269261630422090725e-01
2.745794016438338758e-01
5.769246986570282232e-01
4.362298809291252910e-01
4.210492234082989782e-01
5.831515909289120003e-01
6.566123347134782406e-01
8.879759694567778139e-01
7.133726089663190439e-01
3.704697156604312425e-01
3.825461305337543028e-01
9.115150457548613916e-02
4.230494786838409071e-01
5.818488242214890915e-01
6.300937804647607221e-01
4.663424067317847310e-01
3.013031518289716049e-01
2.507444322652931934e-01
-4.280770149584409850e-02
3.506499335121157634e-01
1.066322593273334451e-01
3.243870899639894056e-01
3.367046373967700901e-01
1.553127078325603205e-01
7.295620614424545014e-01
6.196886391736883271e-01
6.819685274680193920e-01
1.129794746599851324e-01
2.244505571959202973e-04
4.552697075080237160e-02
2.707279019329948411e-01
-7.625588861652563000e-02
5.028231437197451525e-02
-3.005937465847922097e-01
-5.381339880844219214e-01
-3.890027694184601814e-01
-1.954051498314674992e-02
-3.834128210958722693e-01
5.409780859542429737e-03
-1.621443926152943860e-04
5.191957133034165173e-01
-1.413087795347040543e-01
1.982546035221465497e-01
5.457502970811966003e-01
7.454086156053872925e-01
5.758193350183203885e-01
6.288372473204274504e-01
8.319571389570283859e-01
8.126017482858658436e-01
4.833292151916779300e-01
8.234561280786671933e-01
9.495813331624045617e-01
1.057160404126476161e+00
1.007513274573432982e+00
1.033137556982533622e+00
1.106792580440822293e+00
1.129134042154334994e+00
1.000498466380917106e+00
7.802394734135910115e-01
8.753804409005042642e-01
2.445877050651016626e-01
3.911854391115180962e-01
5.369097191667815405e-01
6.884013365910744975e-01
7.143055601330432491e-01
6.334622212090453841e-01
7.263379817483779366e-01
7.187969549412286385e-01
8.314675085126315146e-01
6.326893204042687291e-01
7.008755992286669345e-01
1.027145127813192893e+00
1.182728292143726101e+00
1.175738711449371587e+00
1.115183336341854847e+00
9.547217153519819144e-01
8.998994663287386286e-01
8.055514327670155739e-01
1.064184325186535718e+00
-4.553405033518031358e-02
-3.203503167554829778e-01
-3.626475253955948053e-01
-3.055416594718097234e-01
-2.356429737824894677e-01
-9.813783142189937136e-02
1.786816445068589443e-01
2.691866161428062010e-01
-1.108533848052063210e-02
-2.561587062671244475e-01
2.528336644621297924e-01
1.469347303786141534e-01
2.501805703159717953e-01
4.651978603205743079e-01
6.496550152301191483e-01
8.437410201683982480e-01
5.173754938659003155e-01
9.508372469751730227e-01
1.216375880770967255e+00
1.255433825233809531e+00
1.191683307887508869e+00
1.233007982033485384e+00
1.339064776333659612e+00
9.294238087996704589e-01
8.059402452101702696e-01
1.261783224585868446e+00
8.182899777133322283e-01
9.865489439547141526e-01
-1.006607753070560607e+00
-1.244227977527407880e+00
3.044753635828603144e-01
8.160766403489213561e-01
-1.187219036087185708e+00
5.709766538144670500e-01
2.971164446861824793e-01
8.213732546746578267e-01
-2.107953113158591574e+00
-2.592023398975777493e+00
-1.434846459908146743e+00
-9.449097742259257027e-01
-1.977919221506628356e+00
-1.823252192257626803e+00
-2.612058930376537358e+00
-2.116425496185047717e+00
-1.982814483778273296e+00
-1.658234934239791514e+00
-2.315570350968255031e+00
-3.327861705701575801e+00
-1.970578779549290616e+00
-6.308997482979489257e-01
-7.258814806850279189e-02
-1.206458863929543851e-01
2.421580911501497180e-01
6.721374677350916427e-01
5.355079165965341836e-01
8.263302417088250751e-01
9.051729510210128060e-01
1.079306791149956757e+00
9.331715454574378565e-01
4.001359251714553533e-01
1.080246086896457181e+00
1.210378460821246893e+00
1.077163245417195325e+00
1.041450569881364530e+00
1.305754604623211801e+00
6.855967684424094655e-01
1.106615740153746197e+00
7.444236646066084706e-01
1.150348974697026572e+00
1.127977832951538639e+00
1.119378722943618620e-01
7.445866662978315453e-01
8.524819919824171421e-01
9.520280120698244586e-01
2.509677885909580852e-01
7.513888565350641535e-01
5.338644691442194778e-01
6.943023295067883849e-01
9.738045492156967020e-01
8.393520687595297236e-01
5.379294425128707813e-01
6.540351907570414181e-01
2.712630664354876986e-01
1.172395896972921597e-01
2.516314809163234245e-01
-7.809929006056987033e-01
7.897079560772060636e-02
-2.533266239450048807e-01
1.375217967971224808e-01
2.974235546713567824e-01
-3.166234651138709610e-01
-4.899940734866819469e-01
9.561992652442802276e-02
-3.074191224724485139e-01
-1.008292061467189193e-01
-5.167953774040763282e-01
-9.863345183510042746e-01
-2.673496555676774911e+00
-1.267173069987353129e+00
-3.033586201585292685e-01
9.141382089917822473e-02
-1.355542178483510052e-01
3.539264369860958825e-01
3.979548775572457342e-01
4.515336894080388408e-01
5.160432537113172069e-01
4.627405714006628812e-01
7.114621920329051719e-01
8.761198341147162783e-01
-1.392872390565784158e-01
-2.250652309890686542e+00
-6.450134035902072016e-01
4.736155933984179112e-01
3.320018319220315317e-01
9.079608984414370143e-01
6.010434235170926121e-01
1.247001423031708217e-01
-6.047191910743177773e-02
-1.021454586448839796e+00
-2.033840371806357350e+00
-1.765712412497693062e+00
-8.798557876079916573e-01
-5.924382344884877583e-01
-6.069499930552515465e-01
4.303133909801715867e-02
1.807375796950974958e-02
1.012061904984475347e-01
4.370605327278185293e-01
5.033501252694062567e-01
-7.658249750088943486e-01
-2.036360414674731611e+00
-1.908086396427039810e+00
-1.206312317482048257e+00
-9.359185781631242929e-01
-4.760787086898048415e-01
-6.317827849482692271e-01
-1.617212364276807146e-01
3.845039803406594681e-01
7.258336396534730284e-01
2.031315822544648986e-01
3.572136665644884967e-01
-8.234256354169646741e-01
1.619917992911108773e-02
3.970815141731065534e-01
6.006904944808590940e-01
-3.944477891578164752e-01
2.224484366586199913e-01
2.568793773045086604e-01
4.426318236412305485e-01
8.427170848083648247e-01
3.318793594804706482e-01
-3.194019020747526638e-02
1.057517855449991107e+00
1.170795645171062827e+00
6.452039061825544097e-01
5.497498199764163651e-01
-2.370472676058243688e-01
5.168799163915417383e-01
-1.501421901343535648e-01
5.409197188752522256e-02
-8.113220550009955789e-02
-1.660546216888988680e-01
-5.212411172848759877e-01
7.827970145176331440e-02
-5.524358900177397391e-01
-7.084713228477285130e-01
-9.106272391712998404e-01
-4.216083248400500638e-01
-8.060715262052732255e-01
-7.027024006898904274e-01
-8.890749700283373524e-01
-5.804312318088011846e-01
-9.199528336846848342e-01
-3.947898400419940224e-01
4.654596471902140188e-03
1.824144576865179279e-01
-1.222916660957703572e+00
-4.159766755915511593e-01
-5.830597572116057448e-01
1.099825886272493697e-01
5.971710799075555798e-01
1.703997299878029781e-01
3.317359755428602730e-01
3.015255209324949059e-01
7.778936139597855126e-01
8.041398163263271393e-01
8.425941125422030664e-01
4.977130247940138030e-01
7.611352154185730967e-01
1.017400211449317610e-01
-7.216279887629500900e-01
-1.571710087664639266e+00
-2.351647416863352102e+00
-1.232480723462914929e+00
-2.503889796604140017e+00
-3.021011475550604564e-01
-2.535744708312798412e+00
-1.505880818966675250e+00
-3.197380424912466546e-01
-4.715318848681968045e-01
-1.663980894383565445e-01
2.889949626926197612e-01
2.469867816079882039e-01
5.018104282602704469e-01
5.959299159563898884e-01
5.219864479383105049e-01
3.481226092353424395e-01
2.854889787417818070e-01
4.464417453923825718e-01
7.257488286394158106e-01
9.225355669326429364e-01
1.253374796668600633e+00
4.374436407043859054e-01
-2.276934418540654370e+00
-4.559617214364804494e-01
1.505101243407818146e-01
-2.544354112402193113e+00
-1.670754499708762553e-01
2.496041468771977578e-01
2.601970346794444944e-01
1.853186291089580495e-01
-2.191981323961593453e-01
-3.149186899885072499e-01
7.365796902902940757e-02
3.705811474785201121e-01
4.570098637956449550e-01
2.962442247459628475e-01
1.992403818538069915e-01
7.467334622203926353e-02
6.542941198783818191e-01
8.535374618335717090e-01
4.424182877460181018e-01
7.841078546077121514e-01
8.689316853833914944e-01
5.122175836683224848e-01
5.106603856348931325e-01
3.541439615477622871e-01
3.860189419345584905e-01
4.977736994674409471e-02
4.139300362533590016e-01
7.041971243969913363e-01
-6.708746190085793648e-01
-4.721098648029206091e-01
1.892039974799317736e-01
-5.544948877420714517e-01
-1.658869177529632699e-01
1.003562933804219570e+00
1.159278309240733718e+00
-3.372161204464381723e-01
2.459166293479522480e-01
6.535135348528204879e-01
3.422405803349380937e-01
9.102029010967713774e-01
8.157192767814195333e-01
4.801004979282327834e-01
7.191387190365938764e-02
8.179473370744164695e-01
1.724440420453532852e+00
4.076144341074854904e-01
6.654599781832151173e-01
8.131625594515370370e-01
8.590808821868530787e-01
1.029299476439380800e+00
8.022597336521106737e-01
1.112366990638665509e+00
8.812494448013508119e-01
2.523300052271201244e-01
-2.300965702484544240e-01
3.377903370153234608e-01
6.102057853370971285e-01
7.781596395699499347e-01
7.607711868088011808e-01
2.763332267303413858e-01
6.542914976081566358e-01
1.043038780842198809e+00
7.134761817420378627e-01
8.114247927005243666e-01
7.617622280031249860e-01
4.298230641160383780e-01
6.531136320936847817e-01
5.204794812664906845e-01
7.178999086726320922e-01
-2.670795559493606697e-01
2.987572212293388429e-01
6.931236970841786471e-01
7.030589523982057054e-01
4.983372154295540035e-01
4.644433089229689504e-02
-7.195906247480143847e-01
-1.838979888826868248e-01
2.803587379215101705e-01
6.451858433975249385e-01
-2.070489103770860873e-01
8.454126633880400254e-02
6.151962423030710690e-03
-3.233929852099703961e-01
-1.826210896738652112e+00
-1.485286428072960740e+00
-4.926667950114230754e-01
-6.029861744200889356e-03
3.190741862420449215e-01
-2.460559201860898146e-02
-6.034584364704340675e-01
-4.872573762792554719e-01
-1.096664383341681148e-01
-2.524370541152662906e-01
-1.829986268052125942e+00
-3.717942058319964604e-01
2.127544079555314938e-01
1.338839878435485464e-01
-1.235923129345807059e+00
-1.167502810610692832e+00
-1.313235867548970370e+00
-9.066999787488819740e-01
-5.217718754168850781e-01
-9.782795014932220701e-01
-1.734769554814867387e+00
-2.165269187750447077e+00
-2.402962293075881828e+00
-1.810198183371411584e+00
-7.918672900616816612e-01
-3.941898763040354581e-01
-1.007442093050550935e-01
-3.317432976521020871e-01
-3.923374713489060639e-01
-1.138367371609907419e+00
-6.712096393093130997e-01
-3.304880368315834052e-03
-7.634550958509374041e-01
-6.488678160765871672e-01
-2.241639993867481917e-01
6.240670698501453451e-02
5.092679325764383202e-01
2.743290952815287675e-01
-6.144682344658094486e-01
-1.038746404489309244e-01
4.039152661172617509e-01
7.117016433170071377e-01
6.722813599534153139e-01
6.749042667859302957e-01
6.164229803024244836e-01
6.476926741049081615e-01
7.087417891717784357e-01
4.077799392096631559e-01
6.547765528250197864e-01
4.738241652092249900e-01
2.609087066060576943e-01
-1.168938389712226744e+00
-2.021799110374425279e+00
-1.322937677991837813e+00
-1.396053724162025000e+00
-1.714925264896987489e+00
-9.390643209446968287e-01
-1.205190192477978983e-01
-7.346503402559694251e-01
-5.261495259681608916e-01
-5.659735706897867091e-01
-4.966628530321136048e-01
-2.239148906244605719e+00
-1.284768571450026764e+00
-5.782656784892818980e-01
-8.339994273365529398e-02
-2.272157129417722299e-01
-1.567303358406005653e+00
-1.403171760468260754e+00
-1.326491847408014513e+00
-2.086441238313196056e+00
-2.204711875138719801e+00
-1.509682885997984725e+00
-2.381056941366328061e+00
-2.683847665263237925e+00
-1.169572613674439099e+00
1.166632723503692737e-01
2.608635382498141198e-01
3.499887914370328201e-02
-2.047331029252837664e-01
3.113942796260172341e-01
-2.489096283073574112e-01
-1.371340475260262107e-02
5.352809886199438871e-01
5.809497139791596210e-01
5.003636820841932398e-01
7.393517658906375578e-01
4.544902563289552888e-01
6.883906072316550162e-01
5.910602978916831285e-01
4.929192161761140056e-01
5.584351484275038580e-01
1.034878887526701208e-01
-1.719546649347717837e+00
-9.381827061851534255e-01
-5.634538177300171258e-01
-1.198759463738230668e-01
-3.955454581434428296e-02
-1.237232393454738233e+00
-7.994710999599869972e-01
3.432973117757220916e-01
-3.151169802469111492e-01
5.198506670588619594e-01
8.491921482828889145e-01
-3.477592729506772118e-01
6.671317519136769070e-01
7.602370664881572537e-01
1.023905691775551574e+00
1.191551123833274550e+00
9.856072154823114495e-01
1.048079285565655772e+00
7.959631182551019091e-01
8.538580498474802605e-01
4.685251230053344429e-01
-3.463204789617406743e-01
-1.795158324728850729e+00
-9.949524555335856890e-01
1.782206012383877047e-01
7.201889299105129760e-01
-1.669575738065684822e+00
-7.153973748805699806e-01
-4.879016844112590290e-01
1.945944282104001277e-01
4.360122843728882480e-01
3.901943844251665183e-01
-1.817514818532877108e+00
-2.343064074489065618e+00
-3.910117633335344900e-01
-1.757604805113792024e+00
-1.126592109372950290e+00
-1.919051668087697005e+00
-2.961550252954959550e+00
-9.050895062561620241e-01
-4.729937506234085931e-01
-9.430785307430656905e-01
-1.205697271753781996e-01
5.367056139441054308e-01
5.004619940655101740e-01
-3.527384045843456190e-02
4.274773329424538804e-01
5.781056171000804600e-01
-1.263509078582907952e+00
-3.456496817937778077e-01
-7.125897699526248519e-02
-2.318146434100120112e-01
-6.137680331011036161e-01
-2.182299803927958859e+00
-2.838558687898318666e+00
-2.042465299709880888e+00
-1.334563995320285690e+00
-8.257692729177550373e-01
-2.888325047815087920e-01
-5.031221273774401093e-01
-2.224718244443014470e+00
-1.275826757715240678e+00
-2.926922541907127640e-01
-5.853418398891898494e-02
2.129754458721208887e-01
4.764187947143480040e-01
-1.371858887674960725e-01
-9.146342112438755612e-01
-8.625408174218059942e-01
2.715074892351426183e-01
6.657157174923303833e-01
3.682214910360576687e-01
5.075858100586745358e-01
-5.517884686073799838e-02
3.301442507168271256e-01
1.215567249057980387e-01
2.361402793465936512e-01
-8.036139517407911437e-02
-4.017405613610399162e-01
-1.657028441753237047e+00
-2.113811683141054498e+00
-2.997876956697849593e+00
-2.373559366614800936e+00
-1.223131174742091876e+00
-9.473539875619279016e-01
-1.839044180542862339e+00
-2.107328506983424443e+00
-1.154547336462732998e+00
-1.822320944325542591e+00
-2.418697044993601164e+00
-1.942388046044130290e+00
-2.340575071550826447e+00
-1.862878686623370195e+00
-1.414187613526552700e-01
-8.289385352337240720e-01
-4.019212966758285432e-01
-2.623373476697223872e-01
-8.672175845441892905e-01
2.908964416959293753e-01
-6.708961914640432234e-02
4.090064975448365336e-01
9.456281282506219243e-01
9.510806916006199208e-01
3.352705007266665871e-01
-2.245961834290022274e-01
-1.157541725251547193e+00
-3.600620716787690245e-01
3.971719949513411591e-02
2.745355470436698364e-01
1.189467865468595981e-01
-3.919657177054390873e-01
-1.147705036713341675e+00
-2.112514035014176894e+00
-9.277764060099275012e-01
-1.021225048060948160e+00
-1.037620940130536296e+00
-8.017385900103416452e-01
-1.459785120305565620e+00
-2.340448992560033137e+00
-2.963585458889685942e+00
-1.398920182141328183e+00
-9.040523212918991636e-01
-6.968307157856666878e-01
-1.868007258432382800e+00
-1.152607276680773563e+00
-2.202842256957755041e+00
-1.927977838341473182e+00
-2.111389341030662337e+00
-1.082883964408104527e+00
-1.303574302884315417e+00
-1.790003562173163143e+00
-1.665834858609103630e+00
-2.067535396968441574e+00
-8.061589477832062922e-01
-1.484702010130743155e-01
2.917418166920983102e-01
2.427535001756935817e-01
1.892285098237931895e-01
1.885238624541087371e-01
3.191968097004245775e-01
7.358980226219903609e-02
2.283269409814807915e-01
-7.728268042788764003e-01
-2.748495170985541858e+00
-1.509247935310481292e+00
-5.345644092061516695e-01
-9.719061224726175396e-01
-7.156210685239605684e-01
-7.216005689957124547e-01
-2.622622733328913713e-01
-8.128990634804351689e-01
-9.620835660871379647e-01
-1.180164815321059102e+00
-1.877183598956097876e+00
-2.701662030721719177e+00
-2.562144793498557060e+00
-2.025551333808661703e+00
-8.654713376680426284e-01
-4.751851682764556273e-01
1.123937187655811576e-01
-2.101629322856160553e-02
8.614957915487900242e-02
2.601437686833296681e-01
-5.052656491594931243e-01
-8.196137362965471304e-04
-7.872553070794539865e-02
5.169261881758493438e-01
1.751652941205364689e-01
6.038441315591167591e-01
-4.802902145997073324e-02
4.998008152745574417e-01
5.847561616721591582e-01
-4.846721060782428758e-02
3.071320663777108995e-01
4.370440239144812722e-01
5.231891700094760678e-01
-5.031149578417356549e-01
-4.765112707601696501e-02
2.929254545341483662e-01
4.224585226819987382e-01
5.320422051989871504e-01
5.650409281655291993e-01
2.846231480537245728e-01
-2.082439381272055134e-01
-3.791013238369373428e-01
-3.645654266242911445e-01
-2.598635048575190787e-01
-1.485386071552925180e-01
4.170584228278506056e-01
5.863169330506518007e-01
-2.010387430297128630e-01
-5.117716317008896842e-01
-1.904273591345736261e+00
-3.838284170263418782e-03
-2.741763884887842839e-01
3.475289940837377189e-01
2.991395851851368914e-01
2.055979102581774465e-01
-5.227952073661302768e-01
-7.438683715501328564e-01
-8.057734191597416551e-01
-1.531483519100268753e-01
-3.562019367668722292e-01
-5.506663873438571999e-02
1.876302733038929527e-01
4.550455828165820282e-01
4.395709115201739126e-01
3.213532632766367136e-01
3.899639969803587181e-01
2.511187284048330692e-01
2.681281496269069531e-01
4.983572045901814990e-02
2.791612514837133463e-01
2.914628555960260270e-01
3.346860161732684857e-01
1.804287996106789527e-01
-2.028862017209333291e-01
1.710469323818623044e-01
3.759048260623732984e-01
2.203105242506264994e-01
1.715363525286842938e-01
-1.115997821530525548e-03
3.775583448214712146e-01
-1.959368485484140610e-01
4.003616160897086051e-02
2.667953227440423292e-01
1.535658905832066323e-01
-9.154059364727635817e-01
-4.044387205407858343e-01
-3.161735767091116700e-01
-1.087172035809059606e-01
-5.587571009030585512e-02
2.084885767520688535e-02
-6.617488478581083633e-02
-1.505696100600088273e-02
-6.891300193370074323e-02
-5.175420023720318508e-01
-6.337041367310555229e-01
-3.252514598094293774e-01
-1.210195997286876546e+00
-1.905545320644120022e-01
4.799825441150261662e-01
4.457188359813651357e-01
-1.792161128311776375e-01
-6.509828562066225510e-01
-1.320782085065084654e+00
-5.683419841132479888e-01
-1.149748495601118636e-01
4.324871295033929502e-02
-1.580547557320448604e-01
1.276333788249352785e-01
-4.213579608783498687e-01
-2.162174829108962193e+00
-1.711533749013489425e+00
-6.500397351554020320e-01
1.120377097124027194e-01
5.452751469525975864e-02
4.097439820478901984e-01
8.992084413207872273e-02
-1.481029259221222361e-01
-1.739376883429675780e-01
5.251340299585393473e-02
1.543110374481239666e-01
1.185042626051957398e-01
-5.121397980094113400e-01
-1.178184276206368342e+00
-2.242274945004307241e-01
-3.757891110720398831e-01
8.629437960930368134e-02
-3.817771391660444279e-03
-3.855863772631252795e-01
-1.390252266922037683e-01
-2.141393445108783766e-01
-2.059733609837735457e+00
-2.284110647399435923e+00
-1.584835028818134095e+00
-8.439609451611206070e-02
-2.432496040504060486e-02
-2.875179509601283323e-01
2.976287412892353879e-01
4.182043202374743918e-01
4.850374549640798505e-01
1.626577439915920797e-01
-4.339952843090299495e-01
-6.099389342979032458e-01
-2.732812164279870282e-01
-8.569826463508196657e-01
-2.342521710643577393e+00
-1.506194329352694261e+00
-1.315547167482495006e+00
-1.040803863608386282e+00
-1.806843601561323398e+00
-2.617005739705869249e+00
-1.825578332459724118e+00
-2.226317846777479126e+00
-2.476603723161012738e+00
-1.271177371596421635e+00
-3.733106035118171628e-01
1.636558482874209408e-01
1.607782675380814152e-01
3.416615040156207317e-01
2.659937876102553278e-01
1.918141231076227193e-01
-7.082961055209836543e-01
-7.462814148360148447e-01
-1.315284070198478594e-01
-2.643243893826032268e-02
-5.076093513208683738e-01
-1.842659495168354811e+00
-1.099914395647979548e+00
-1.490022899215887042e-01
1.328147376668683544e-01
5.211290348656373306e-01
4.982283288539487431e-01
3.110948789047981444e-01
5.536134076563146156e-01
7.487169931950271584e-01
8.984096959094923784e-01
8.015336352803530406e-01
3.950524672325509412e-01
6.360913759559911895e-01
7.371729164276744628e-01
8.424000852924728999e-01
9.483206226356664936e-02
3.512689198571381510e-01
4.729467376885696517e-01
5.233637937190180889e-01
4.466459096889453528e-01
3.233621146081169240e-01
2.140756073798572023e-01
4.790588443033804711e-01
4.155384390000085304e-01
1.718321197119781207e-01
5.538310705498465936e-01
-1.796818298003134045e-03
2.323803915848911550e-01
1.973596937671336371e-01
1.876192509995636484e-02
3.557818550054528406e-01
6.000055592267198312e-01
5.632183276916982173e-01
1.613806820676826348e-01
-3.399293606442339577e-01
-5.221582799031959654e-02
-6.572439664531041226e-01
-2.124583274730274862e+00
-2.653392014192965664e+00
-1.154737891187429533e+00
-1.329456145919799326e+00
-2.634529413905292827e+00
-2.981058152348312618e+00
-1.047619812325414790e+00
-1.833563124808228473e-01
-3.222965229100950291e-01
5.553276413662341232e-02
2.402701940109938372e-01
2.350035980320955009e-01
2.089374660246558768e-01
-8.224454807077036245e-01
-7.578575611505196097e-01
-2.217371416446353993e-01
-8.795351233192774676e-02
-2.661671283428654888e-01
-1.206849396463068186e-01
-5.542890172115501057e-01
2.731098808402283168e-02
7.739902146168427255e-02
-6.834897553902783418e-01
-1.763621007652392825e+00
-8.425547907581425466e-01
3.619655901768804585e-01
1.898614839665585530e-01
2.358397392849410634e-01
4.376812300051021731e-01
7.118202934868653742e-01
1.612387249992389970e-01
-1.289121373510711432e+00
-4.874324755949111521e-01
2.140505752310695176e-02
-1.259535108186289998e+00
-2.860901119608992293e-01
1.599117614067524784e-01
-6.171459117818460516e-02
2.886225729426143971e-01
1.831896411146109460e-01
1.953211652635897799e-01
3.428176588707011474e-01
3.233401707147458004e-01
2.321611297254098372e-01
5.418076964443740984e-02
4.332844835613219314e-01
-7.861624642178328959e-03
9.280829929234891973e-02
-1.377457690311247041e-01
9.836811939421777340e-02
1.851590642930738551e-01
-1.388043170387747161e+00
-2.523263944782917712e+00
-2.504767357302444264e+00
-9.964870231363353037e-01
-1.473751480569620576e+00
-2.895154243341915845e-01
-2.985457487555697176e-01
2.617840294570869530e-01
6.736114272207094356e-02
2.082327664402690293e-01
-3.993928845488601415e-02
7.273084630140760898e-02
1.972659331308814282e-02
1.515874995956647542e-01
-8.501144946198733177e-01
-3.632107470791488546e-01
-4.105175529480086238e-01
-1.180759575866553224e+00
-2.285329565328054979e+00
-9.378846591009197819e-01
-2.763522232414798996e-01
-7.227922895627991728e-01
-5.615649330864365130e-01
-1.961537701188107441e+00
-2.399599593782939078e+00
-1.513358957825050588e+00
-3.091617684917007947e-01
-3.869526323874832863e-01
-3.938524363253582267e-02
-4.819405191639465902e-01
-3.866310901372860820e-01
-2.286560095745291121e-01
-1.232960028368603952e-02
1.034454698056095356e-01
2.138756727595712281e-01
-1.214074286176874962e+00
-3.714259974968527334e-01
1.706181677104922634e-01
1.005894048285751047e-01
3.146458140830899475e-01
-1.879366948311948782e-01
-4.707893680256495239e-01
-6.553392720114807890e-01
-9.261863892318480396e-01
-6.559985760578264102e-01
-4.885633144890722535e-01
-4.003511180140312264e-01
-6.627565387025973198e-01
-2.083082928106695375e-01
-2.088725951247406287e-01
2.766729632120443760e-01
7.569947787852207011e-01
7.376111341251615494e-01
8.048687831302516749e-01
6.174460414947916531e-01
8.148665095316569573e-01
5.401058976456193372e-01
1.532844115816622554e-01
1.397965458050621666e-03
7.013154032557548934e-02
-6.083349083302328486e-01
8.301400792520910454e-02
-5.276722580252234465e-03
1.120078043457351930e-01
4.932533104080377151e-01
4.595520269677522696e-01
-1.259476888948847018e+00
-1.787664594058361756e+00
1.026499199908457310e-02
-1.117435566290883475e+00
-1.235279361097469053e+00
-5.478389714464888538e-01
-1.027927481822776823e+00
-8.791243393419855279e-01
-2.667160640557550422e-01
-1.416606535060565830e-01
-2.484109277273249261e-01
-6.768869690139385220e-01
-1.039002208510477532e+00
-6.760405282023886908e-01
-1.862477559203232103e+00
-2.600892485506818730e+00
-1.793299968063635008e+00
-2.968382508523122465e-01
1.823019415466326232e-01
-1.361030084617462568e-02
2.054612713355258302e-01
2.902741521798736790e-01
5.382321680855746138e-01
4.300029764969201529e-01
-2.146014448011929754e-01
-1.239647771856964509e+00
-2.008632389978779742e-01
2.996309433160616043e-01
2.380367153375930744e-01
5.103646566329939072e-02
-8.983049851382420847e-01
-3.224839240433127197e-01
-3.185017416728599393e-01
1.608073830471191124e-01
3.953540585320249323e-01
1.217826914444674474e-01
4.735427826500185899e-01
3.705276220831521528e-01
2.930582765814683244e-01
-5.660762464313328496e-02
-6.861969300635963886e-01
-5.382362607009744115e-01
-6.631880389852302660e-01
-1.033070206020165194e-01
1.318549009565516683e-01
4.762110460984732008e-01
1.696125636430379779e-01
5.015764447720800767e-01
8.297688900505889587e-01
1.043872041425191188e+00
8.436871374482284303e-01
9.644101503958799615e-01
1.170417478244756282e+00
-3.199039123226511960e-01
6.023292859310648284e-01
5.216842560075498625e-01
6.585896844041437825e-01
3.256133852574830678e-01
1.036587034821992159e-01
5.067638955838635884e-01
2.185411853489192813e-01
-1.032994530732255639e-01
-3.374356102616849484e-01
1.626012960728166409e-02
-2.317545743301363981e+00
-1.581871532181497342e+00
-2.002530428348046065e-01
-1.982860217444518680e-01
3.094391970813565318e-01
4.610102790016341046e-01
6.461221548519838764e-01
-1.000377159672255489e+00
-2.368077950085184735e+00
-9.085801713133243585e-01
-1.524689270118029016e+00
-1.674274732719129632e+00
-5.153569525500298898e-01
2.631711633539285389e-01
5.756050157326544348e-01
3.978066012662124229e-01
2.374054374750908247e-01
-4.848988419448225229e-01
2.074597685161284552e-02
3.243674280681950184e-01
3.220517504736359338e-01
2.401393035445495705e-01
5.157476930663630332e-01
7.525328541469017418e-01
3.764966890856761284e-01
-1.918167087757449707e-01
2.146042590359854008e-01
-8.678749370326112045e-01
3.971493251631719873e-02
2.630216116300886364e-01
-2.050264435395449461e-02
-6.164460487462499749e-01
2.815551892748378582e-01
4.372861325501741780e-01
2.083103803951937005e-01
-5.390004161718540132e-01
-1.074070995899781167e+00
5.372152642138707801e-01
9.070574374609473578e-01
-2.254110637344828028e-01
-4.667547712728189468e-01
1.701680658565642157e-01
6.009193817818929695e-01
7.137782093647325743e-01
5.526126476469538362e-01
-4.511541026268707233e-01
-1.875860196288847981e-01
-4.016759272626090754e-02
-1.117482576383660997e-01
-1.471469804428920058e+00
-1.429265421198496755e-01
-2.643960043118573355e-01
3.307438714953395698e-01
1.110782555117014320e-01
-4.446465332643793622e-01
-1.203499566660367393e+00
-8.829821083721288433e-02
5.389355322639208801e-01
5.375455025914787077e-01
4.219639758465798529e-01
7.733356988697750456e-01
1.083684814866743507e+00
-2.184479737449819547e-01
3.488839259888721900e-01
-3.517642113759915645e-01
3.191337041802706498e-01
-3.378560036657894394e-01
8.615295725630457424e-01
6.597170993809218231e-01
-4.492615849553836527e-01
2.824795581948021383e-01
3.292182892353286983e-01
1.010551954005815406e-01
3.082887110880359605e-01
-2.816263656490218259e-01
8.030129586289751487e-01
1.099766973330211117e+00
7.122955038683248530e-02
-5.403692223222733571e-01
-7.016300972339559738e-01
-9.221071174556536576e-01
-5.570775091719772920e-01
-5.935381956731236031e-01
5.772237444574087467e-02
5.025952263068096670e-02
2.879933480334089801e-01
1.633694074178271283e-01
1.270639492896101508e-01
-4.411634388446818988e-01
3.661320813284547615e-01
2.402475179049426146e-01
-1.751854335592697431e-01
4.288449981284964130e-01
-2.302522816995234561e-02
6.191493665082380415e-01
7.702742651540286922e-02
6.746908399473378060e-01
-3.385782160584845935e-01
-4.908402193620767795e-01
1.171492381117202608e-01
1.120963999420080959e-01
1.361369834085692510e-01
-2.084316435984288896e-01
-5.224800113412245706e-01
-9.278973603077465826e-02
3.329644973662411744e-01
4.634036957559248271e-01
7.687905344637802063e-01
7.405021429838464231e-01
3.699128462365002257e-01
7.160981302246506308e-01
7.814803830168391974e-01
1.136854537892549200e+00
7.374120522200927619e-01
8.289682494159972270e-01
-7.745384212338963792e-01
1.440285208264825978e-01
-5.424503378714455870e-01
-8.654561478067832048e-02
3.300906957444815770e-01
5.582527211047462190e-01
-8.623534318006360888e-02
-6.854946490622180200e-01
-1.512744687012996359e+00
-6.241972297043617557e-01
5.840233941014985608e-02
-8.558642222287377033e-02
1.717127908493930322e-01
3.959709621872927188e-01
-1.749479114893798259e-01
-2.310512217268965163e-01
5.732258704143242470e-03
2.566844507856983482e-01
-4.641103075819934948e-02
4.982614443649659997e-01
2.581470737616535227e-01
1.023259879156706909e+00
1.046494767268774995e+00
1.025524008154980571e+00
1.073835910888752743e+00
-1.045364560214434441e-01
-3.217234817783778400e-01
-2.537422422487641827e-01
7.780338820640037012e-02
-2.062326044438531625e-01
3.749547343099584595e-01
7.137867811308806765e-01
1.030976534986917548e+00
1.166201986121126577e+00
1.168387334562155599e+00
1.171913413848729490e+00
5.798943918927709218e-01
1.066932397808699529e+00
1.061048964244851955e+00
8.308878800432696332e-01
6.047275066233699370e-01
6.045791143523304711e-01
3.714687917113301263e-01
4.366563795819503047e-01
6.745910265352140778e-01
-3.026402858609566482e-01
-7.711845252581440990e-02
2.378007000956954831e-01
-4.050649626246982660e-01
-3.112343482188094645e-01
-4.083980368790643967e-01
-1.807702433753010929e-01
-7.326783338633984233e-01
-2.007008123248040787e-01
4.651676986083120441e-02
2.867050342633568616e-01
2.919060925403471063e-01
-1.633575299497422861e-01
-8.147108678143509530e-02
1.821769450807242674e-01
-2.902992350663017862e-01
-1.124201055635629665e+00
-1.543186133911485181e+00
-8.841851689601600839e-01
-7.513660653407278067e-01
-2.590466650678517335e-01
-2.090128494437869244e-01
-3.881934357952739334e-01
-4.520447737291337087e-01
-5.259950991404709342e-01
-2.959185734110259536e-01
-5.061083374024489406e-03
1.610787249538556676e-01
4.482443000744738559e-01
-7.847827488665503823e-03
-1.673020188755722573e-02
-5.265149601252207961e-03
-2.665100118452870537e-01
-1.437773647334139593e-01
-4.783174804564280236e-01
4.805757701463146403e-01
6.230635026094131224e-01
5.782745238351064687e-01
6.294289180577193887e-01
6.505427622643602525e-01
3.415875214891323508e-01
5.824618528996887701e-01
4.606044428665487800e-01
7.085257974569705297e-01
8.258083647349535594e-01
5.544851220517809098e-01
5.258461182231204400e-01
6.082655529912889270e-01
4.306865274859689174e-01
-2.314635450809615358e-01
-2.305483669005674585e-01
1.207142938332121523e-01
-2.810591548744482693e-01
-6.167625351550713730e-02
-1.284909606068477053e-02
-1.385970950267559454e+00
-1.452216343401886434e+00
-1.921759254923609772e+00
-2.137993851020463243e+00
-2.087090244743194045e+00
-2.598026111237238034e+00
-1.828148057830224715e+00
-5.544585470238839742e-01
9.668327714075980461e-02
2.080440007702468730e-01
4.193196322359771799e-01
3.053473972340060572e-01
4.280339784697633765e-01
6.359438426241593723e-01
7.373429036772692902e-01
5.507200668026968060e-01
3.168769797443443670e-01
3.501815764378994889e-01
9.857897049438769932e-02
3.778800821618622519e-01
-1.395997029660144273e-01
-7.357232085283173240e-02
3.947752930235359781e-01
3.407009297696170780e-01
2.289302699292321552e-01
-5.394366862913446692e-01
-1.676028694104113315e-01
-2.602442285459096935e-02
4.763209158422492262e-01
4.834187357674378793e-01
5.222660352763833780e-01
6.463075090789951460e-01
5.298824975859998121e-01
3.807944751781995874e-01
6.259280552229824490e-01
5.529273756029072784e-01
1.176863350820491205e-01
4.342429455368814611e-02
2.642197450580395790e-01
-4.055873027520683904e-01
9.020648620497892511e-02
-2.446972839309713710e-01
6.139955835496514747e-02
-5.974885646620017310e-01
-2.847051171898569155e-01
-3.111006930074072807e-01
-6.544967878001837214e-01
-3.203580821328751993e-01
-1.233619335263131056e+00
-1.753488561010753122e+00
-1.257463064490631055e+00
-1.748628228040107313e+00
-1.404625409219162346e+00
-1.437464229357824586e+00
-2.322649639464799076e+00
-2.397440552416695958e+00
-2.414208661790911314e+00
-2.952639856874271107e+00
-1.724261288561619532e+00
-7.460596610245857629e-01
6.127158149733034215e-02
-1.363463262769747164e+00
-4.344561974117863157e-01
-1.456824206335524785e+00
-1.751550190660714268e+00
-5.807336086798862151e-01
-2.054928913915041733e+00
-1.407614320609810621e+00
-6.033266845479812179e-01
1.536427341807165003e-01
-2.624766900722221297e-01
-6.539664738749503270e-01
-4.813681948943679956e-01
-1.306049502770654236e+00
-1.283720723715283452e+00
-9.974782187009579859e-01
-7.385186653835774662e-01
-8.537635694627658811e-01
-3.934873353150273867e-01
-6.332746777682925210e-02
-8.112563096686394026e-02
-2.161782659334807732e-01
1.413458745767597613e-01
4.922066112759738155e-01
6.150534150126893973e-01
1.848540537715118448e-01
9.487399229492617103e-02
-4.666172327757638072e-02
-1.216225104886415054e-01
9.069706321320594733e-02
-2.883922944643622574e-02
-1.718792836903123789e+00
-1.942539172012837989e+00
-9.702415736856976336e-01
-1.778693717432901777e-01
-4.406218562184414655e-01
-3.020744160296636727e-01
2.985266935218577333e-01
3.088100503720860313e-01
3.916243562481576124e-01
5.406491149085849157e-01
4.277184895721609093e-01
-6.981491609151707634e-01
-1.409089767850059571e+00
-2.727475761444754232e-01
1.888868003232427317e-01
-9.261576444950432307e-01
-8.304167705579775793e-01
-1.133426911563810258e+00
-1.979934376182076683e+00
-2.076700538249750760e+00
-1.304994460169969894e+00
-1.318996720070640727e+00
-1.210416891545287532e+00
-8.660862800701182307e-01
-5.074365188661567050e-01
-1.345486585535811408e-01
2.173146378182112815e-01
-4.128088490750643769e-01
-5.766721187194351339e-01
-1.202097110249071843e+00
-7.146771216359469880e-01
-1.112856938795284245e+00
2.708161792278872271e-02
-2.106890302762532211e-02
-6.444386216709623305e-01
1.803877260743327604e-01
-1.069051525156643923e+00
-1.919378801436803506e-01
3.576876567070130797e-01
-8.990003466462581638e-01
-1.009049733267045612e+00
-5.480591792544833307e-01
-1.933413650975531473e-01
-6.346719368740612044e-01
-1.660737116142347425e+00
-1.022354765373321595e+00
-5.216673161076273990e-01
-6.411701884160815323e-01
-7.763652283408155608e-01
-2.462135048182767794e-01
-1.387848635909751938e+00
-1.756160145927076144e+00
-2.476850496692263981e+00
-6.259609745793396351e-01
-3.029984850291123424e-02
3.744954097382333091e-01
7.896571436038639646e-01
1.646834930974905853e-01
-1.084236232436756264e+00
-2.131805600205387119e+00
-2.292368322853626683e+00
-2.923730771874331502e+00
-1.476803100413861092e+00
-1.279020612033200610e+00
-1.070387542555717442e+00
-1.319592876326318276e+00
-9.591715178198024772e-01
-1.556059328358682547e+00
-1.001507420510971524e+00
-1.710119353904829387e+00
-1.336866706138666538e+00
-2.003695687025774941e-01
2.232401313110785601e-01
2.331686521930924696e-02
-2.870657715780687291e-01
1.786070885654209850e-01
-7.367126314981004009e-01
-2.436971671253256311e-01
-1.621069163558356285e-01
-5.676921229413665060e-01
-9.756267523544842613e-01
-1.290279371670731701e+00
-2.383004624585207232e+00
-2.293589164510576595e+00
-2.290099053779852678e+00
-2.338135997883558748e+00
-1.928401841724569854e+00
-1.144648808728323752e+00
-9.192669160669995065e-01
-5.881014338653706153e-01
-9.513530232324036717e-01
-6.381611483135525287e-01
-2.046080747202717320e-01
9.523746470413804732e-02
-9.584543944387192704e-01
-1.283371709627203039e+00
-1.680921458412417246e+00
-2.017070300458955412e+00
-9.688258946072051403e-01
-1.306950945630160676e+00
-1.864600358365189781e+00
-1.451890992200567387e+00
-1.922058882171329586e+00
-2.255883079439789274e+00
-2.122375694090845588e+00
-1.673056323283775182e+00
-1.285777965823486468e+00
-1.693143292422613300e+00
-2.240537193211428413e+00
-2.026038440326929813e+00
-1.152939345094742496e+00
-7.868320188036062035e-01
-6.462179828809402338e-01
-9.363405433399366595e-01
-1.787494387930131268e+00
-4.784697800420936731e-01
-3.106667988527571644e-01
-1.512582301497901460e-01
2.846684504914437711e-02
-2.092026412902207311e-01
1.623815432866765052e-01
6.032018611487108828e-01
-9.627471351032186597e-02
4.477936368434854986e-01
7.980329881309701223e-01
6.929244466617586751e-01
1.156108894879921634e+00
1.338626898370178564e+00
1.277799882026502853e+00
8.693978180297410319e-01
9.036048257440686404e-01
-2.543390622339973817e-01
3.580726780280891197e-01
-4.632845295445688905e-01
5.044652926197801257e-01
-1.664807950378212886e-01
6.259175342676061293e-02
3.835465294368421985e-01
8.655869986307040964e-01
5.980709230618418415e-01
1.012918902598655413e-01
-8.358762297504014616e-02
-8.551177369157920705e-01
-2.584989250938498073e-01
5.087630459174252717e-01
-1.164171198818539713e-02
3.053304729502884229e-01
-9.925447309391917383e-02
3.314427833173836935e-01
7.124803166910028684e-01
7.497553530248943776e-01
6.296715044526389748e-01
7.379838150452086021e-01
6.758210892527048985e-01
7.455421657150688164e-01
4.162363184919393722e-01
7.780513952737019290e-01
7.700212318736350259e-01
6.440830444197906957e-01
-7.021060729553062485e-01
-1.292535920424210172e+00
-1.774926039440160919e+00
-7.104102779149374935e-01
-9.503458162915798813e-01
-5.416830987765658412e-01
3.077812529839439315e-01
3.591191577897316356e-01
4.163504835319856157e-01
5.436064495643760930e-01
3.273021293453784453e-01
1.125266429996751860e+00
9.848585658691263456e-01
4.882389409632444388e-01
1.139131336721240118e+00
6.587112210976463489e-01
6.783734575150456303e-01
8.747182846145901136e-01
1.225222233103074654e+00
9.232874669497654896e-01
4.828538540724866546e-01
7.872395131195889517e-01
-4.609982900342821655e-01
2.255457107600318811e-01
5.625414024910230237e-01
7.253829917388880943e-01
5.140582300397605886e-01
4.956612089003266108e-01
3.108742141280166904e-01
3.403741320227966494e-01
3.197930033953708673e-01
4.785392002717440696e-01
2.637981852563588969e-01
9.177514410137890266e-01
1.028209936128173130e+00
-2.416012247010908554e-01
5.932970272507122056e-01
-1.147755966310653797e+00
-2.695405308236141773e-01
4.830789543084775262e-01
8.023341933412755367e-01
7.491514923918586311e-01
1.089113449793776001e+00
8.931219139452900579e-01
3.230146183619664324e-02
4.947626169130548979e-01
1.171394708112132532e+00
1.201824841129207178e+00
8.147727121639221082e-01
-1.178586120494250905e-01
-7.966084443004856075e-01
-1.930527618333332640e+00
-2.218238328630413925e+00
-4.494696987037701263e-01
6.860197013733659865e-01
7.290669249511826377e-01
-1.021220348832579061e+00
-2.186295893574425442e+00
-1.798155140845902666e+00
-7.938683934465320391e-01
-6.263788739388411742e-01
-5.232249463687372870e-01
-3.847597866244973353e-01
-5.483865246701016272e-01
-2.669511810939924623e-01
3.002723906041356305e-01
1.902998929718661691e-01
3.255258341516277243e-01
3.663571231470732492e-01
3.679250602146373339e-01
6.732614650396975264e-01
3.903959723559679018e-01
6.187645305853904931e-01
9.419547385338379319e-01
9.142486298783770726e-01
9.387408328291727555e-01
1.170447983211941212e+00
1.275596421169712169e+00
1.199553142373297243e+00
-7.925207151047072851e-02
-2.859813042966222879e-02
2.143075841994927511e-01
-1.339854041012540797e+00
-1.939012601867697416e+00
-2.793287144580872905e+00
-3.125496170131258022e+00
-9.635929769552673552e-01
1.165631920949583150e-01
6.642014083412765002e-01
6.777633409058668734e-01
7.724417579676499113e-01
8.180054112120047627e-01
8.168725207140185018e-01
7.658477694359512311e-01
7.284790961998093284e-01
7.818497950186276135e-01
7.576781773422035515e-01
1.914794928955254605e-01
-2.920686248502074034e-01
-1.255015852775140051e+00
-1.749996871811250632e+00
-2.092184111469733043e+00
-1.935065245382745047e+00
-1.215622451929075476e+00
-9.897530042206783563e-01
-8.778956336690568740e-01
-1.853297972059660514e+00
-1.045717255157461389e+00
-1.789792856693309120e-01
1.715963113774144622e-01
8.483292473860380989e-01
5.433206883019930933e-01
1.755915078250764039e-01
1.758064489280809495e-01
-7.474664378762141403e-02
-1.593373853658022199e-01
3.786473705300634485e-02
4.244947705745915623e-01
4.548516873045301834e-01
4.928908938435641041e-01
6.770475210275379851e-02
-6.800194640459817919e-01
5.175708513186807469e-01
7.639055559950700403e-01
1.063766565279126608e+00
1.263173938244597894e+00
1.432669800562464291e+00
1.379314378549438391e+00
1.420351948022286814e+00
1.255631641753163219e+00
1.571604063656799166e+00
1.448499687708745043e+00
1.502210367876175789e+00
1.497746106399938881e+00
1.603646444602061294e+00
1.462251836584714138e+00
1.534265292522621227e+00
1.623291530044476350e+00
1.858622507078629527e+00
1.721512937263426579e+00
1.761701140669974741e+00
1.795454387136533603e+00
1.771597166457022920e+00
1.281467749609641826e+00
1.777647811922606902e+00
1.616711238383920168e+00
1.456374068286296675e+00
1.539391423793715186e+00
1.473498407503224028e+00
1.595931585827530474e+00
1.665331230850098709e+00
1.799102435539883693e+00
1.664572273246230472e+00
1.981902128761848791e+00
1.641304502767439555e+00
1.161517828360457028e+00
-1.703686861780405459e-01
-1.909014762347401195e+00
-2.446657713286931379e+00
-1.963773763783892123e+00
-2.716946001155766677e+00
1.238971839977395795e-01
7.738929460326884335e-01
7.129216057154890152e-01
3.315757173446027828e-01
7.091317564196322198e-01
8.255169345315986895e-01
7.955911561098447660e-01
8.387155367920466897e-01
1.865578548584397867e-01
1.890064135032895332e-01
-1.446645239796733387e-02
1.177576720785111913e-01
5.287862434555666846e-01
-2.874000686177106134e-01
-5.879794471752415319e-01
1.039219400300327306e-01
6.327205566749373178e-01
8.911058994345432138e-01
3.781405289427857697e-01
5.599071882168940029e-01
5.126795978902342066e-01
9.231792373527120121e-01
1.046616927404921071e+00
1.313480886751299259e+00
1.331305919895549472e+00
4.697143112798126130e-01
1.032303210716041475e+00
1.476309513069200552e+00
1.394335850180109970e+00
1.114980218696626224e+00
8.604533945908654502e-01
8.401124118601746016e-01
1.071352955454909051e+00
9.774250414766788575e-01
1.084884732041275557e+00
1.201177905574742910e+00
1.290285131731859547e+00
1.267279150121200848e+00
1.326063890759307862e+00
1.348781077827949426e+00
5.000752534181799325e-01
7.532627943366764223e-01
1.145258074339221555e+00
-1.565504255348650675e+00
-1.440255039434685358e+00
-1.236230901606262922e+00
-2.512513542281926138e-01
-9.140964369991466665e-01
2.173704377182889558e-01
4.405131789139785647e-01
2.326660725875590863e-01
9.994110235540698550e-01
9.538589809896648175e-01
1.211832957430607483e+00
1.462032051972723901e+00
1.513407171364977266e+00
1.074436054820757214e+00
6.594519014692417080e-01
5.332037057542124980e-01
-9.046869092725394745e-01
-1.589521089346280336e+00
-2.408814925905645499e+00
-2.098044693959751683e+00
9.779555780085717482e-04
-1.994969140431363419e+00
-2.072495988593490157e+00
-7.099465810586478298e-01
-5.795811880902762558e-01
-1.749765143728311489e+00
-2.848781273942027514e+00
-2.043109387647480180e+00
-1.212256974661706677e+00
-6.860632249807171457e-01
-6.450509570513167368e-02
7.430456730806454801e-02
-2.451478995994006427e-01
-6.083926668370468471e-01
-7.689852718553794597e-01
1.264682383500864010e-02
4.619142820061495347e-01
7.537067214243118318e-01
9.495332217422374210e-01
9.354109220736328556e-01
1.064507787528756300e+00
9.908104403744194544e-01
1.094106424776516429e+00
3.197941966341379394e-01
5.572476858634163310e-01
-3.250176776837968018e-01
3.728574755908541927e-01
5.055769749374592337e-01
2.739566838679522442e-01
5.433412746599699528e-01
9.373041390862951738e-01
9.771794918043210654e-01
3.419536761476364983e-01
1.149109837210155582e+00
8.382103702117246202e-01
8.596251566880515060e-01
1.832290834927947087e-01
3.033335932058832674e-01
1.970958301775210253e-01
1.924296013814852102e-01
1.289868901597077955e-01
-1.261101911506933515e+00
-9.835791534970294014e-01
-1.869281977597411215e+00
-2.327961627325195071e+00
-1.208957076184642654e+00
-7.733231834580323039e-01
-8.394717577215294879e-01
-2.408876399593620654e+00
-7.830895685605520073e-01
-1.358993857770448122e+00
-2.344979051055071206e+00
-4.208826381646133541e-01
-1.459163556148441732e-01
-4.187340901598574638e-01
-3.755579214843726699e-01
-1.022340268161865184e+00
-9.534344940435017790e-01
7.937347916890409583e-02
-9.971698373384904057e-01
-1.324081193068257667e+00
-2.102100696447358530e+00
-1.426235698338399471e+00
-1.767961178316823201e+00
-5.507579559424604643e-01
-2.624154395392508388e+00
-9.651141197689742102e-01
-1.836962819072625930e+00
-1.764540979208763849e+00
-1.174338261250933504e-02
1.035934492860309142e+00
1.262608845739889851e+00
1.415909267060141197e+00
1.181488163206489084e+00
8.105984151017786576e-01
-3.458882417458043479e-01
-1.185754650047435410e+00
-6.418956073367078075e-01
2.735674700149002270e-01
8.294610779608810880e-01
7.576391559867272640e-01
-1.350049381130930204e+00
-3.558562261119975201e-01
4.616804374852938597e-01
6.451350061246871048e-01
1.026877792134376133e+00
1.088607502972908758e+00
1.094540253371985017e+00
1.250089616917237745e+00
8.888832283901139109e-01
1.231277857572017798e+00
1.021036325871397477e+00
9.080205591992390746e-01
8.666732439785804765e-01
8.255684283318791561e-01
-6.393342479708193915e-01
-2.173518112155840842e-01
5.062229265629805131e-01
1.098517239345181418e+00
4.160199320669497047e-01
-5.963841785753746239e-01
-2.838672747559404019e+00
-1.087052877163455777e+00
-8.824665581697439809e-02
-6.050838063285566282e-01
7.782981994963622530e-01
9.230583305323617482e-01
7.181712566994015168e-01
-6.282051794880942619e-03
-1.146272281860381825e-01
-1.116948454817919406e-01
-6.306615754319601086e-01
1.712813570472687952e-01
7.877132742814035860e-01
7.886271983860763113e-01
3.450416067115963381e-01
5.296136760956311473e-01
6.998609642649363805e-01
7.133558268690237680e-01
3.181846810262143888e-01
-8.734889990055466624e-01
-5.151550418954097266e-01
-1.486696359973163961e+00
-2.204971880649877480e+00
-2.579257700546039089e+00
-7.252199089138579025e-01
-2.248819667049851478e+00
-4.180022208851446597e-01
3.957447259806228246e-01
8.778254751813975298e-01
7.258698266528142984e-01
4.390591903756008163e-01
5.962304792586684554e-01
-1.799283939449507208e-01
5.329965566982510783e-01
7.984314199215264418e-01
2.360156465743470100e-01
-1.112593271750061064e+00
-5.571472781073595337e-01
-8.178124892064111973e-03
-2.374690043532270145e-01
-2.459094548794382717e+00
-6.423447061841444095e-01
-1.514219311451948657e+00
-4.369857645575467298e-01
4.279459394584260723e-01
1.194407635236371945e+00
1.059330236701906180e+00
7.861775503755115135e-01
-1.188963196523124877e+00
-5.180066398606379963e-01
5.029109614019269259e-01
4.963192132474328333e-02
-2.069210490114354428e+00
-2.835551254427702284e-01
-4.659298099222835554e-01
-1.074782172845990313e+00
2.832469859659141331e-01
3.160650858011830322e-01
-2.090727245558367642e+00
-1.801642986868210894e+00
-2.909733887152990306e+00
-2.272801361633029149e+00
-8.805027228372821479e-01
-1.126105269653059793e+00
-7.517256385825825671e-01
-5.852233079790889470e-01
-5.126389822213524017e-01
-3.974277240062755179e-01
-4.158919676657461539e-01
-6.571816128236411536e-02
-6.162462669081931743e-01
1.895709146732061645e-01
1.550539426558066869e-01
4.321989340929691670e-01
4.651373740375507326e-01
1.825800072712982502e-01
-4.551554937879433438e-01
-4.381148687250038809e-02
-4.530723190908747533e-01
-1.440502379453972859e+00
-3.099181176747654587e-01
-4.896435930869583175e-01
-5.750191168238667494e-01
-1.203708910149583339e-01
-8.618739458942097365e-01
-4.808686556285791669e-01
3.832220463307579872e-02
6.963576168883561790e-01
7.981228812043851262e-01
8.441393107904282544e-01
6.856193702225191755e-01
8.600580336708648632e-01
1.548746325168919580e-01
-1.393322305114552684e-01
-6.090985950132755261e-02
-3.951401195369592667e-01
-3.099163048524784525e-01
9.736176770067903052e-02
2.990390605302576943e-01
9.588347694434767865e-02
-4.679597003500002850e-01
-4.793034878930155229e-01
-1.638265690528831531e+00
-2.781197451532803289e+00
-2.729268105599872207e+00
-2.738712582885382218e+00
-2.615574558676420303e+00
