2.462638424339208543e-01
1.816318104826422086e-01
-9.962283413328135162e-02
2.739464239169940585e-02
3.238868742404886758e-01
1.692049055307241479e-01
-1.654205239980867659e-01
7.892483119487103682e-02
-5.792776467241835675e-02
2.448281054621288810e-01
-6.010413755304351291e-01
-7.500534759748116453e-01
-3.861351738366045061e-01
9.190154040869653873e-02
-2.098518336357296787e-01
6.404909223468453761e-02
2.977183304432801103e-01
3.544764242417756672e-01
2.878248043711834625e-01
6.288900725369874767e-01
6.104190012335640736e-01
5.645525456656009800e-01
7.580926207444440568e-01
7.993802213990680583e-01
8.159734283199227001e-01
7.390546364913473942e-01
8.337462720119845905e-01
4.560153685513785304e-01
3.582369079899475617e-01
2.581867636402643829e-01
1.550711126594683797e-01
5.478887331896900026e-01
4.401068633347686720e-01
5.083493393764496604e-01
4.691865180415348280e-01
2.508864906608970213e-01
5.784248195743294518e-01
3.945823030940521225e-01
3.874164853156423227e-01
4.957474117854289153e-01
5.716155135795741860e-01
8.769620070652065502e-01
6.874440972425844842e-01
3.568865959587524950e-01
2.990942585785007490e-01
1.006237610043720851e-02
3.993482482839841863e-01
5.475146829952532990e-01
6.236015912518989568e-01
5.044430288257579775e-01
3.020279697126226903e-01
2.476476410712376841e-01
-6.934937416803776955e-02
3.314883650793727932e-01
6.790383113637270263e-02
2.747202403191116304e-01
2.628375489401056364e-01
7.647755833432057226e-02
6.569298559722848152e-01
6.436405330487595666e-01
6.862787197872592948e-01
1.015281281123610047e-01
1.141411245353336421e-02
-4.394284120124924801e-03
2.045241880583995864e-01
-1.392682838334185491e-01
-4.906678275058930748e-03
-2.529687499136353823e-01
-5.048737355500473312e-01
-4.309109725086010534e-01
-2.467259533229579360e-02
-3.816153610774667415e-01
4.591788755319250147e-03
-2.165192165153303344e-02
4.862422654991306326e-01
-1.879934790174144499e-01
1.371194683245094137e-01
5.204373697894605355e-01
7.286863860993260111e-01
6.033737435471308030e-01
6.069179926175255479e-01
7.892893392192761315e-01
7.500195825393928262e-01
4.373653142703227137e-01
7.950742489479917241e-01
9.962693822574310021e-01
1.039199746993733076e+00
1.031550194900130890e+00
1.000934971361668646e+00
1.135252742198904707e+00
1.159049735098904854e+00
9.932657503528627974e-01
7.880893217323876598e-01
8.821693457352773882e-01
1.899396686419560776e-01
3.234960913923085601e-01
4.755798594328485840e-01
6.094317320957644002e-01
6.789652450213807811e-01
5.784253322574682832e-01
6.335759844179664757e-01
6.545557332540588025e-01
7.792672882395507150e-01
5.443796063270865959e-01
6.611680311054105585e-01
9.148977784876585195e-01
1.073046294528429589e+00
1.031607157217594661e+00
1.051485922748168989e+00
8.031965182855785867e-01
8.865069990597176375e-01
7.984003494913906041e-01
1.051438463542385238e+00
-5.851706836452602589e-02
-4.006357564736556243e-01
-4.710488301953244528e-01
-4.054366763749119862e-01
-4.058838199237422839e-01
-1.583775056661102243e-01
1.012241181362771858e-01
2.596449134488823529e-01
-3.478369054455188181e-02
-2.618302187407539061e-01
2.047535980416488877e-01
1.304556479937929725e-01
2.020603659590928802e-01
4.225856340824735713e-01
6.189667175053896742e-01
8.145144380007668383e-01
4.768990132473420740e-01
9.517796032307640486e-01
1.232038027621621401e+00
1.256832410442445536e+00
1.221572298314282268e+00
1.238183961142868439e+00
1.414629101980651393e+00
8.381259533297265030e-01
7.352776259669938641e-01
1.155940891502181600e+00
6.951984326373157330e-01
9.122497344531192986e-01
-1.052842375934472718e+00
-1.249904526951699291e+00
3.333810532081183942e-01
7.845719251613481049e-01
-1.176127557908261734e+00
5.725615463512145897e-01
2.682202294428746581e-01
7.716263809568708609e-01
-2.216730608747881526e+00
-2.624362282312676431e+00
-1.349081684034669548e+00
-8.969087931283981074e-01
-1.898868673024792564e+00
-1.740909649176863638e+00
-2.579175394572148949e+00
-2.210603668367141061e+00
-1.897758685152423075e+00
-1.808025696501116109e+00
-2.306382885785827952e+00
-3.296329707813317800e+00
-1.873146914769462601e+00
-5.310950472917495002e-01
1.067676114176665039e-02
-1.222768186927210704e-01
2.686569014067174965e-01
7.121400626832058434e-01
5.565810078319506360e-01
8.712469889238491083e-01
9.236570211593183588e-01
1.073544857960225807e+00
8.728012700217948616e-01
4.400083220678399076e-01
1.017994857479649573e+00
1.120610264839102310e+00
1.040519329019799377e+00
9.976228729476495083e-01
1.262096506422937914e+00
6.533879118063449232e-01
1.082526064692411083e+00
6.900270340283750636e-01
1.155107633542770129e+00
1.173444880678160773e+00
2.491600229762700597e-02
7.075075086956617021e-01
8.146455552380946763e-01
8.778394778276007449e-01
1.925949722296021460e-01
6.603219319123855291e-01
4.560076266156379843e-01
5.888216947490674258e-01
9.188824831808694027e-01
7.368733334740400487e-01
4.785332768723197239e-01
6.076710130664183529e-01
2.033158929945709514e-01
9.079894225389119333e-02
2.492871197784729820e-01
-8.421893985167352437e-01
-1.585830984467763785e-02
-3.183312155239902963e-01
6.177059068088151805e-03
2.445339237504995378e-01
-3.523488328402138992e-01
-4.512755649773678157e-01
6.093235759459401935e-02
-3.323524503851604250e-01
-1.477036767043099219e-01
-5.672637468195118604e-01
-1.051414809894586355e+00
-2.640061562262081996e+00
-1.077534220540143250e+00
-3.990365485715575283e-02
1.227257876442908041e-01
-8.437935271707708296e-02
3.100844512655580587e-01
3.502539131855029741e-01
4.344028875666427481e-01
4.279412772977300716e-01
3.938746911320750721e-01
6.703685407466970503e-01
8.784173198523195225e-01
-1.413570244521443753e-01
-2.258552284005806321e+00
-6.462937179578585045e-01
3.468916064275880395e-01
2.614301891647038967e-01
8.914626004971000217e-01
5.860348466633461539e-01
6.499817453580082616e-02
-1.228807139844977636e-01
-9.694996443507543082e-01
-2.050995384455659654e+00
-1.671511840597633469e+00
-1.011914817460650484e+00
-7.163754904955189629e-01
-6.458171355310736717e-01
-6.112027523406599050e-02
-1.899217996326211036e-02
-2.293813414152562954e-03
3.238447160167507444e-01
4.442538125832942164e-01
-7.003051798762955915e-01
-1.946974219366551573e+00
-1.813452790509039625e+00
-1.252505154140760579e+00
-9.359073255059071617e-01
-4.146027960181046801e-01
-7.195126588846705307e-01
-1.783943576189443991e-01
3.408140904076553679e-01
7.170557510354323982e-01
1.171785736584533000e-01
3.393979419284433585e-01
-9.049172948066664945e-01
-5.968427509187271968e-02
2.835169683759569681e-01
5.160450079037149917e-01
-4.712097332618137568e-01
1.848432062452760594e-01
2.328188727100459487e-01
3.865533229107362412e-01
8.076265809163026832e-01
3.590680580067716066e-01
-1.233112380782088319e-01
1.019735683789922520e+00
1.047906066761335353e+00
5.143740081616817728e-01
4.374274670610598381e-01
-2.621771459205230470e-01
4.517166452194024684e-01
-2.360850388071339956e-01
-2.649101419141126207e-02
-1.575873029642833045e-01
-2.982555250071564079e-01
-6.119744540710765346e-01
5.206312556523461088e-02
-6.689189125974724925e-01
-8.301113421461012720e-01
-1.029145732663480528e+00
-4.810262725861109145e-01
-9.156451684640904976e-01
-7.937843867582330404e-01
-9.865245505321299513e-01
-5.808051857532129381e-01
-9.905327576796704170e-01
-4.568094766271248997e-01
-9.124839447307278584e-02
7.708702052539870286e-02
-1.401070363249796502e+00
-4.469601492444215118e-01
-6.531163004543517614e-01
1.309219806730369806e-01
5.906504835996289060e-01
7.061120223908250171e-02
2.719917267380349002e-01
2.069691529918883388e-01
6.405756848996969621e-01
7.377083385588700803e-01
7.868826701032984872e-01
3.740893675742156255e-01
6.571233852480149462e-01
2.916338111326974292e-02
-6.764278389675734138e-01
-1.522198582492291008e+00
-2.229684589633675440e+00
-1.195387500277441672e+00
-2.485237859825033979e+00
-2.552068967810736111e-01
-2.449446441432784116e+00
-1.513058057638680065e+00
-4.107569584442748445e-01
-5.314938267554689677e-01
-9.025484423234829412e-02
2.438423998225057732e-01
2.639127153160831241e-01
4.653477736781904128e-01
5.386952542690027768e-01
5.468585445268416834e-01
3.675370560521946661e-01
2.174622639759640486e-01
3.419495190071543123e-01
6.531122926204815382e-01
8.386656591465433408e-01
1.208177225484205586e+00
3.548229356576470539e-01
-2.195816784286002132e+00
-3.932220567403208467e-01
1.583004805124182957e-02
-2.546911967739593941e+00
-2.363026821588379567e-01
1.055064115272509734e-01
1.864370525031819326e-01
8.951649442411062363e-02
-2.833790136083151889e-01
-3.450906288428365332e-01
2.502314229967505035e-02
3.444378241662847673e-01
4.103421112318125785e-01
2.817116575566704362e-01
2.640939428182654258e-01
9.872539549862506536e-02
6.313084596302510620e-01
8.686992102323742859e-01
4.155535932733042115e-01
7.740525365307877603e-01
8.729598470705676183e-01
4.519109178497112689e-01
4.758232434443414038e-01
3.435176357570950967e-01
3.995965130416453404e-01
3.752494190175486438e-02
3.696268749190310676e-01
6.550747379067772824e-01
-6.498031911152462037e-01
-5.230286258098072460e-01
9.335214204478473055e-02
-4.850136279642544013e-01
-1.750590749762297449e-01
9.197483195412975432e-01
1.032279482333470888e+00
-4.448600200163996821e-01
1.757342437545656444e-01
5.865065546496299742e-01
2.462220216848380605e-01
8.291774786578590684e-01
7.176677982096336672e-01
4.439202627777222854e-01
5.523413657677277155e-02
7.831757844062338103e-01
1.628897421513014310e+00
3.286938073774513525e-01
6.945128095692981729e-01
7.572652572835105733e-01
8.129361596655397815e-01
9.781202841304386109e-01
7.168069750676431262e-01
1.071782905165302058e+00
8.765196758513008612e-01
1.943122626209067560e-01
-2.496705310565633107e-01
2.911520772090113729e-01
5.901849553171225615e-01
7.313732431929292899e-01
7.641464142467010445e-01
2.302959054766860192e-01
6.712492238914349318e-01
1.053634871487248992e+00
7.258390962313752137e-01
8.262171299658959134e-01
8.004442646293895569e-01
4.211520115810624132e-01
6.676348265891053346e-01
5.558786409407417972e-01
7.906085359582013528e-01
-3.693173887147913614e-01
2.118517390353003016e-01
6.763494096745554796e-01
6.896574341456412904e-01
5.053574590315672577e-01
3.332634428721310133e-02
-7.500059124035128866e-01
-1.839409388218420094e-01
2.450338434170065416e-01
6.220935221475328847e-01
-2.648062575211994063e-01
6.949222470040282429e-02
-1.880555059393324013e-02
-2.776025389824614553e-01
-1.772561041722547248e+00
-1.546383130549181972e+00
-4.945786701947601505e-01
-3.434460948052810852e-02
3.238549626563494432e-01
-4.486476447639399165e-03
-6.272566476841443528e-01
-4.249065410293377254e-01
-1.929723104362524311e-01
-2.467925451557437533e-01
-1.870747304931292820e+00
-4.176040007916245189e-01
1.321079770907387929e-01
7.516122877416236969e-02
-1.346381411000673323e+00
-1.318023166632176890e+00
-1.449795990370152499e+00
-9.932395918729498563e-01
-6.665446433421047256e-01
-9.178421358362039983e-01
-1.535147668071888516e+00
-1.947882776081587552e+00
-2.183254563537719850e+00
-1.755250188531840339e+00
-7.167870289318448718e-01
-3.215695028404049194e-01
-9.158934325573737933e-02
-2.333803044376670244e-01
-3.400458894879887506e-01
-1.026450751387987026e+00
-6.246562903525527677e-01
-2.283364251458210384e-02
-7.584965287661772360e-01
-6.316368424523864933e-01
-2.482912960369077215e-01
5.561114577099755818e-03
5.431028170264095012e-01
3.425248501337052609e-01
-6.789565494375429111e-01
-1.520450211453990008e-01
2.691382758260029151e-01
5.500855724408607594e-01
5.859876976158289175e-01
5.659682716385520118e-01
5.521316857656619614e-01
6.059557285561133488e-01
6.674222831736171813e-01
2.862887052256729570e-01
5.590800007633934809e-01
3.956512286011501511e-01
3.005187126814216070e-01
-1.364431932975653350e+00
-2.159141014857602681e+00
-1.352113674882848393e+00
-1.417305329631518340e+00
-1.784868519314647184e+00
-1.091089452473025245e+00
-1.513316455327949894e-01
-8.892386570130749179e-01
-6.159221609500300509e-01
-6.267595768531609712e-01
-5.837530772744792262e-01
-2.251421397773110566e+00
-1.434016434766050674e+00
-6.925236073893245026e-01
-1.702706158196130304e-01
-2.339482994723910692e-01
-1.640352433799167065e+00
-1.493444204653142648e+00
-1.324614504596044684e+00
-2.017335205314396251e+00
-2.211770888900361776e+00
-1.677154846426619050e+00
-2.399355129158747602e+00
-2.656325858808961105e+00
-1.292489518871828613e+00
1.714482839480822862e-01
2.651797629180233096e-01
3.093572385614645065e-02
-2.720645234393883616e-01
2.554113904393252588e-01
-2.621432442866199475e-01
4.494114524336854238e-02
5.112104367737506649e-01
5.872745657271277731e-01
5.093585244021567870e-01
7.006015277644842554e-01
4.029816558424516026e-01
6.771994345977193630e-01
5.433715475686132779e-01
4.152465212234670022e-01
5.235044397022678986e-01
1.656400712561147681e-01
-1.563645145247192669e+00
-8.703913101629132676e-01
-4.952374413690061039e-01
-1.117123518200705684e-01
9.770371032542348941e-03
-1.159139407423538826e+00
-7.838692382651881729e-01
3.160636300072254823e-01
-2.662208482741892368e-01
5.853074377584545074e-01
8.174829636616683937e-01
-3.887076551323158657e-01
6.210242614564132069e-01
6.517834932532307057e-01
9.985936450340655579e-01
1.110225035233456836e+00
1.048332763820462921e+00
1.031768646702572179e+00
7.519792604514383694e-01
7.718001964836328499e-01
4.567240649594385693e-01
-3.561575967871358772e-01
-1.944036467955334579e+00
-1.161001337125620259e+00
1.693886721431062670e-01
7.103721847394727229e-01
-1.691889713863546918e+00
-7.909722037782337400e-01
-4.961271581695180233e-01
2.109148975663719949e-01
4.223466771778221496e-01
4.489870900090381922e-01
-1.852706892641759806e+00
-2.409976950957751107e+00
-4.053293123666738551e-01
-1.779580511830820999e+00
-1.142379191539592220e+00
-1.897795441487295731e+00
-2.981514331369770954e+00
-1.005855848016547149e+00
-4.824624135309213413e-01
-1.010526627585251580e+00
-1.077020135185575850e-01
5.107800445460891625e-01
4.863447794061440677e-01
-7.791804643488342563e-02
4.008316583073791572e-01
6.163226837259475621e-01
-1.425954051212775742e+00
-3.421553398918507627e-01
-3.286974117342029988e-02
-2.442737074634594441e-01
-6.349687106333574693e-01
-2.203992318502206338e+00
-2.889068166442134711e+00
-2.140147282243157978e+00
-1.430281421798469843e+00
-8.674347996834045338e-01
-2.264616497166142273e-01
-4.635953766823307509e-01
-2.268675113175987690e+00
-1.459724188541521528e+00
-3.013332272941546819e-01
-6.874099850338245832e-02
1.722403980970011184e-01
5.153650828103037984e-01
-2.399799766258639833e-01
-1.019597481494564750e+00
-9.596076126319700306e-01
1.709345875933304115e-01
6.517505802386587277e-01
3.000000011728952698e-01
4.998932887996282992e-01
-7.497076682340811371e-02
4.156113247626302409e-01
1.081508368616500293e-01
1.218456142629282812e-01
-1.282343855301202318e-01
-5.018914195613862761e-01
-1.693094946251654243e+00
-2.238373914683683630e+00
-3.079730819615302373e+00
-2.530143785745675000e+00
-1.252123353088290481e+00
-9.599648644421602262e-01
-1.820059723993789236e+00
-2.193826163662177198e+00
-1.228191523412601072e+00
-1.787745448197320064e+00
-2.295278553001725008e+00
-1.863999464281110408e+00
-2.188922945066220205e+00
-1.617372801824017214e+00
-7.877980880671922592e-02
-8.451035676859960377e-01
-2.858024105253684777e-01
-1.523972090039277527e-01
-7.709339217502445551e-01
3.113969127998515996e-01
9.492651051105392007e-03
4.677232001066179423e-01
9.813663360215966192e-01
9.709187711993850778e-01
4.749848830137526901e-01
-7.132561122705091683e-02
-1.159757971612050520e+00
-3.331683872142531255e-01
8.167306279831375304e-02
3.922252193825822020e-01
2.184282017982182023e-01
-3.772080318294406265e-01
-1.028147813003974287e+00
-2.269928779334871027e+00
-1.022347212548406326e+00
-1.041404876161345694e+00
-1.031301813665192801e+00
-8.149919013706613535e-01
-1.398412960557928963e+00
-2.335564023865109196e+00
-2.791396800383521448e+00
-1.373514534769195716e+00
-8.510152728579027936e-01
-6.672856904830679614e-01
-1.790717302330094851e+00
-1.022962888914916268e+00
-2.028882232864367197e+00
-1.790210284952582498e+00
-1.991187440124668306e+00
-9.717289419942247708e-01
-1.219299094093651226e+00
-1.658248849529805113e+00
-1.710473062103352815e+00
-2.138227834452812282e+00
-7.808081704178317928e-01
-3.139786881519752992e-02
3.320116329804404520e-01
2.594576396569318599e-01
1.682457407269461747e-01
1.507757418556215645e-01
3.201144759899929859e-01
7.796430931662678976e-02
2.867523107563538787e-01
-6.261432976920950910e-01
-2.836479110148081961e+00
-1.567857413692476776e+00
-5.835159087513548393e-01
-9.611529896865467215e-01
-6.532659822072720557e-01
-6.610458421737142043e-01
-2.318110070595713335e-01
-8.082274029190168463e-01
-9.370221564874773312e-01
-1.099220892123268678e+00
-1.706710122260849172e+00
-2.501690589641305085e+00
-2.389522677560664832e+00
-1.904378801488697537e+00
-7.608692170677230360e-01
-4.535555908312510764e-01
1.266486522054042219e-01
-4.218053670281040474e-02
1.335919636567128033e-01
2.969769167034208568e-01
-4.993967178978664379e-01
-5.508296777394683374e-02
-9.510296884625969727e-02
5.202401210158458245e-01
1.729967493129741241e-01
5.455327263345652877e-01
-5.561596761118005328e-02
4.622794137974972628e-01
5.487321111322354117e-01
-2.554802342915894059e-02
2.672345550137124048e-01
3.916034806027832160e-01
4.935806293988089233e-01
-4.944354650602694190e-01
-3.378460872283673561e-02
2.930523906375913090e-01
4.313209237190270828e-01
5.440900940901296501e-01
6.282789627701913515e-01
3.237602649402683830e-01
-1.476166044875634187e-01
-2.686253373842774628e-01
-3.040258075585656750e-01
-2.641128911630168385e-01
-1.613589327084891112e-01
5.258432996553773497e-01
6.816347899392127818e-01
-7.850964056415060677e-02
-4.770677558760447745e-01
-1.956516678148938704e+00
-1.020949900875609134e-01
-1.877461841842882062e-01
3.744960991446977805e-01
3.182450193566228602e-01
1.864981855826422508e-01
-4.423380159945330403e-01
-6.526671409531974444e-01
-7.991284396228776066e-01
-1.179718395304809181e-01
-2.725166062654610366e-01
9.927072827057931148e-03
2.318405213727748049e-01
4.583289860133854532e-01
5.014971499873963623e-01
4.103085783437233069e-01
4.445565618605262781e-01
2.962469156570082252e-01
3.415600233277032993e-01
4.873342086241887194e-02
3.050778070994938918e-01
3.550105254039192526e-01
4.197185694847822002e-01
2.566178419713883718e-01
-1.829044424561509785e-01
2.384811603175191752e-01
4.241025090844195433e-01
2.725629172769358788e-01
1.589231140659811692e-01
3.112370444606800748e-02
4.049992843597006176e-01
-1.456268865864845108e-01
7.362638692628360737e-02
3.618790913452482050e-01
1.670259420258216332e-01
-9.348668601819454249e-01
-3.914637369240073772e-01
-3.241673330922272833e-01
-1.286136631442183764e-01
-6.214082359260471311e-02
2.477353411802555791e-02
-4.644215962232692979e-02
3.040975671013333367e-02
-9.297724697751323653e-02
-4.570550166590757746e-01
-5.666461541135645597e-01
-2.649597362324382921e-01
-1.126235139788662298e+00
-3.173912515079440472e-02
6.209130244268826759e-01
5.581815507540951460e-01
-1.264816603536678408e-01
-5.959652358276741335e-01
-1.245226488062884052e+00
-4.874332802420133226e-01
-7.307858603798282615e-02
1.277898948460921003e-01
-4.633196391593169539e-02
2.044111615888435096e-01
-3.108277114716947453e-01
-2.165741803848865832e+00
-1.713069391381749851e+00
-5.538656027412992566e-01
1.689606141558457342e-01
1.491514529374393938e-01
4.693416575645191213e-01
1.276293026630517524e-01
-1.045623590552499649e-01
-1.405976455619714627e-01
5.913278217594555158e-02
1.899429770024241015e-01
1.266807195056596225e-01
-4.495474494111347807e-01
-1.161755715167807956e+00
-2.118281281283749540e-01
-3.493233049450208405e-01
1.233384797003970745e-01
4.627019242589155285e-02
-3.204317057107227140e-01
-1.088413074279771103e-01
-1.683918883395718324e-01
-2.134775124861912232e+00
-2.241381898852051968e+00
-1.658343208865214580e+00
-8.315616667228770131e-02
3.635658105283344488e-02
-2.121611682233264518e-01
3.374939982728291099e-01
4.684569666226144347e-01
5.258845711017651192e-01
2.576322681895260591e-01
-3.090337992566471459e-01
-4.836439194501502836e-01
-1.809575209618720648e-01
-7.775073477206888573e-01
-2.225978949927147177e+00
-1.477573808000853806e+00
-1.224931945131926936e+00
-9.628194431346186466e-01
-1.819286307904208089e+00
-2.627427370034898679e+00
-1.752011023351369490e+00
-1.979373137927025406e+00
-2.458885115245890152e+00
-1.386709350550244357e+00
-3.339750106885687186e-01
2.735914092474907022e-01
2.251849704957662179e-01
4.118290658953270844e-01
3.830715175191309885e-01
2.489411397698398087e-01
-6.268687488756264914e-01
-6.840378861526543730e-01
-6.381012749223648195e-02
4.975029542164552399e-02
-4.528113570514101238e-01
-1.961826397443215297e+00
-1.185244030693407336e+00
-7.756370924056781024e-02
1.885879460905008353e-01
6.039172090640980706e-01
5.358847491511024019e-01
3.787571003918757673e-01
6.232511469576919039e-01
7.966017070103048603e-01
9.745185149158018811e-01
8.428081292141531566e-01
4.476936635225607919e-01
6.929169760994973171e-01
7.516672207312101728e-01
8.859627287291163000e-01
1.166008145752912423e-01
4.179347902376752688e-01
4.781078771767717228e-01
5.653252881119107398e-01
4.496169076515162955e-01
3.916537020060037455e-01
2.860308446135887417e-01
5.325545247660915527e-01
4.732236954054860334e-01
2.497124250020985037e-01
6.016894974887477821e-01
3.832357168373883710e-02
2.480169819070731085e-01
2.091416155269575083e-01
5.744244887871142319e-02
3.602196725250056408e-01
6.134504310147921302e-01
6.323632642857135444e-01
1.365580712618933157e-01
-2.556564742623509967e-01
-2.866034964622406200e-02
-6.754990774039574264e-01
-1.856386713806919886e+00
-2.418847445839375165e+00
-1.075459100328522544e+00
-1.292092169215037556e+00
-2.429183856806362840e+00
-2.906576206512768934e+00
-9.501700706955754638e-01
-9.604536116384249089e-02
-2.770084999365287071e-01
1.689979663772909479e-01
3.498109129742116297e-01
2.866998185658935494e-01
2.884748398986756723e-01
-8.314559564139164527e-01
-7.768701439453707946e-01
-1.369194136474902734e-01
-4.158997653490812546e-02
-2.026594801124146084e-01
-5.671628670567584185e-02
-5.386591917110337135e-01
8.400328060220560444e-02
1.584887523423707256e-01
-6.228031055050659015e-01
-1.771988012049369177e+00
-8.969852320629340126e-01
3.970635467907057126e-01
2.238054800066725247e-01
2.128374343509129296e-01
4.556093931871012526e-01
7.079423308767111012e-01
1.917094446978632460e-01
-1.345168721987053395e+00
-5.083356257640613274e-01
5.875304355075292723e-02
-1.214585269849432159e+00
-2.412568121386018394e-01
1.721345697879136938e-01
-6.838479253260457136e-02
2.908356838252392218e-01
2.009625696774616499e-01
2.092264789092447286e-01
3.908321648563920503e-01
3.308833442265683433e-01
2.465004130980251451e-01
3.861592367656048463e-02
3.968407406024809236e-01
1.511768929003293530e-02
8.988764864265351429e-02
-1.625714733723732375e-01
1.243040059654125923e-01
2.562997036679295904e-01
-1.331878912914935986e+00
-2.520630421664685539e+00
-2.504720928058813190e+00
-1.036052398065969493e+00
-1.560000878402040936e+00
-2.477771216581522717e-01
-2.270697584244090184e-01
2.362091533374894303e-01
6.275413819647190916e-02
2.278661642813478994e-01
-3.338259679429100846e-02
5.873713353028086476e-02
4.267195690272414937e-02
1.718514391061527480e-01
-7.960703863688615156e-01
-2.960307950753721662e-01
-3.565432859038963342e-01
-1.094198767035198028e+00
-2.240717952834247573e+00
-9.271441535838262915e-01
-2.367592875461473623e-01
-6.510045570340688981e-01
-4.171893901427070062e-01
-1.862751552075794681e+00
-2.386504201801842306e+00
-1.580117223754905931e+00
-2.356587259824380332e-01
-2.935664477457156640e-01
-4.513379330595793104e-02
-3.389836951453341074e-01
-3.585437607889517264e-01
-2.337914061069658322e-01
3.517781487201338680e-02
1.729618874092354874e-01
2.310004610195772190e-01
-1.186861875602225558e+00
-3.784291153984030154e-01
2.364156516943868580e-01
1.314977064410879082e-01
3.598902262544435571e-01
-2.434822416499426989e-01
-4.935939400197216220e-01
-6.889949391574637927e-01
-9.639940288265427260e-01
-6.784159673062751805e-01
-5.143885348586880735e-01
-4.141196025906230815e-01
-6.066191733404767694e-01
-8.296649876334995233e-02
-1.502594168273013731e-01
3.147126085085147906e-01
7.240810807463846643e-01
6.492916426135516561e-01
7.924766252083809137e-01
5.693729390731897544e-01
7.583192301319960915e-01
5.784734793344362691e-01
1.724091088281522188e-01
-5.452528529152803061e-02
-5.618503477177697047e-03
-6.382625780256709902e-01
8.262960785099690564e-02
-4.984136864559000901e-03
1.042967012765194101e-01
4.814435249718295728e-01
4.804744463565940316e-01
-1.365864812274348417e+00
-1.819403863976154279e+00
-2.094496980018326852e-03
-1.189603682161112674e+00
-1.238071204527622982e+00
-4.868671167699217817e-01
-8.866864096978002152e-01
-8.087709101151819846e-01
-1.745837493785217798e-01
-1.454740914359136383e-01
-2.413147722375068860e-01
-6.639192845816370703e-01
-1.033565990136386281e+00
-6.958763910529057739e-01
-1.874897539705906224e+00
-2.494144476633092022e+00
-1.715783766832969182e+00
-1.965800937965811457e-01
2.158745261057956888e-01
3.348911232772789487e-02
2.586317534018025555e-01
3.337613973293747649e-01
5.408342246001099918e-01
4.630609912846984089e-01
-1.412187545326439586e-01
-1.117399178651462099e+00
-1.738689429484671090e-01
2.917680453476534375e-01
2.526049850018779463e-01
1.334617476367290223e-01
-9.198065991260467866e-01
-3.838459506527360787e-01
-3.007270705792851051e-01
1.419956165929434078e-01
4.658669468914643508e-01
1.247921632901839023e-01
4.876646989902952423e-01
3.752931608614822889e-01
3.585538481646968201e-01
-6.342371888333606100e-02
-7.417074003862411669e-01
-5.274462921384399650e-01
-7.053437196874144943e-01
-9.311893291294701114e-02
9.176476213653760039e-02
4.840132609267881469e-01
1.963907369425387239e-01
4.940883509013011543e-01
7.775980991838798984e-01
9.550204793096999101e-01
8.131095078397416742e-01
9.228288471758232525e-01
1.083827328692363867e+00
-2.971892556876138403e-01
6.187139456950960792e-01
5.144927262670639934e-01
6.903095732589462630e-01
3.308153615886150201e-01
1.733862214050752859e-01
5.341280522498439431e-01
2.438572346252785572e-01
-8.683881695190304173e-02
-2.680639162401972642e-01
3.715043377881076941e-02
-2.507621637476262766e+00
-1.636134154058410006e+00
-2.114500169352095671e-01
-1.526548422795671045e-01
2.965803029918744893e-01
4.576498180989111986e-01
6.786697126640980349e-01
-1.019007527900237298e+00
-2.232183253080050278e+00
-8.947252830446670302e-01
-1.505095622140278033e+00
-1.702585267613068387e+00
-5.109827574986792742e-01
3.360828158575665525e-01
6.409500775036717224e-01
3.689246489916372940e-01
2.359261228157207013e-01
-4.245214154550605024e-01
4.888890492999198312e-02
3.415080147234579866e-01
3.109496868156963467e-01
2.956764604763391091e-01
5.601527632885163754e-01
7.967631677567663662e-01
4.440362058340360241e-01
-1.729215489362456726e-01
2.339912242284919175e-01
-9.630602959395966334e-01
6.802465581017877461e-02
3.119903400126772253e-01
-5.738949761310151339e-03
-6.329951606779932183e-01
3.052598779871699142e-01
4.367817291102870647e-01
2.436820007427427381e-01
-5.121245157245791768e-01
-1.105891242909377903e+00
4.848864302467222331e-01
8.754503131031756702e-01
-2.437853683491571222e-01
-4.942778511928356822e-01
2.211143970266960523e-01
6.519782127330771004e-01
7.473465472071847415e-01
5.751052690190820993e-01
-4.315838077119960037e-01
-1.458433848160423929e-01
9.786856213607574365e-03
-6.948718991289500047e-02
-1.425745829142693877e+00
-1.640982036589949955e-01
-2.396915038220070182e-01
3.201099032467936700e-01
1.877192561347104660e-01
-4.444995843551076686e-01
-1.157946969627069222e+00
-1.480974411552102299e-01
5.401507561456034834e-01
4.816092783921430143e-01
4.538123857757192514e-01
8.224838696838050467e-01
1.182213570886047949e+00
-1.265681880968905215e-01
3.724671263165639790e-01
-3.438874733679152529e-01
3.331214762843469068e-01
-3.456518026230360197e-01
8.763674305257129760e-01
6.270908697036089441e-01
-4.592216021589723418e-01
2.607388847401071463e-01
3.156304689091545268e-01
1.267684429059961759e-01
3.488529934361714324e-01
-2.724337334988519155e-01
8.891915869896800384e-01
1.136768493748931963e+00
5.044796300625895014e-02
-4.928319551657197040e-01
-6.776148883312147486e-01
-9.644233168215438079e-01
-6.431415957049776422e-01
-6.507310623935294025e-01
3.264201241842625695e-02
9.258144772257698163e-02
3.327043238877510078e-01
2.670343235212128685e-01
9.041177008356272859e-02
-3.948800861660688999e-01
3.817014791013944586e-01
2.595522109109222320e-01
-1.298263907812771123e-01
4.188791205323039724e-01
1.737851858222179760e-02
6.409439088126646089e-01
1.463033032177619985e-01
6.714389724510508861e-01
-3.252309039508551325e-01
-4.849210626705093286e-01
1.711479992361310265e-01
1.563409297723155067e-01
2.270149381769323016e-01
-1.246404728397335349e-01
-4.194586735619231233e-01
-8.206167619535749413e-02
4.174339164272838909e-01
4.989709564146007637e-01
7.908993571092086672e-01
7.896695517924109398e-01
3.997897819172755995e-01
7.743851681578259871e-01
8.354795102230123671e-01
1.273220589425395843e+00
8.860302131420378924e-01
8.679876571355408243e-01
-7.882326690451514350e-01
1.726630512224882064e-01
-5.792853934256537718e-01
-3.728949801007189202e-02
3.783843483979055233e-01
6.275662946454926283e-01
-2.974754268365227203e-02
-6.950764433968051881e-01
-1.530098085069459435e+00
-6.592408886036581483e-01
7.341765796351573670e-02
-6.188634965273380473e-02
2.090752793044182434e-01
4.045478722769504376e-01
-2.204030063644874526e-01
-2.657456295516832934e-01
2.772416093228800837e-02
2.762387104064811250e-01
-2.322419001125391666e-02
5.550555275698411117e-01
3.577834064841194373e-01
1.046752856226708328e+00
1.115751216775232368e+00
1.116446378842561593e+00
1.166111172018931663e+00
-8.001368539755673859e-02
-3.902918866705997747e-01
-1.493547273773047634e-01
1.009934565968532288e-01
-1.353822769591790931e-01
4.968027757783539666e-01
7.766866981798040692e-01
1.148297016263550185e+00
1.192108514200259650e+00
1.231052533512373648e+00
1.219600173312581415e+00
6.819878638351906108e-01
1.048948115599247277e+00
1.009685098625552335e+00
8.363792183348103260e-01
5.867097303450294898e-01
5.343217293466852036e-01
3.190500281731217247e-01
4.019872249433859568e-01
6.937243057277577840e-01
-3.840267950735657965e-01
-8.807364696512627600e-02
2.028234720447296968e-01
-3.634136194164513944e-01
-3.101447948694261991e-01
-3.684376626320549630e-01
-1.386056802688384604e-01
-6.352131086781502844e-01
-1.984535557436462871e-01
7.433755453917936795e-02
3.333588397985390306e-01
2.863831934482773400e-01
-1.224971495402732147e-01
-1.924004467877557176e-02
2.269343914950773533e-01
-2.373044434673125258e-01
-1.151230203470537505e+00
-1.663851081975753488e+00
-8.939709396305713929e-01
-7.097709944827870210e-01
-2.638064979341540051e-01
-1.971897291146128828e-01
-3.935951597111463918e-01
-4.305629999907122363e-01
-4.904462471853987537e-01
-2.559617093990397274e-01
3.008734967361025373e-02
1.138804154380591710e-01
4.484081919957196294e-01
-2.762598029406604719e-02
6.320691904154615570e-02
5.855427458089176862e-02
-2.180866388607149708e-01
-1.663523607657143022e-01
-4.625530157489683436e-01
4.839317887125327289e-01
6.211089888545613391e-01
5.938583998359354688e-01
6.258763147171169106e-01
6.937604112075496099e-01
3.156060145041498788e-01
5.918654084076891975e-01
4.332578556139065062e-01
7.028538510774137160e-01
8.126120502981606375e-01
5.142998612932505598e-01
5.421790405066782004e-01
5.941131635890111173e-01
4.546940090938713652e-01
-2.501404617354351378e-01
-2.506671560654477604e-01
1.101589168943647029e-01
-2.963690601257357726e-01
-5.803947433364557706e-02
7.110600445272947934e-02
-1.232912357244805301e+00
-1.268206859262306807e+00
-1.786655552035233629e+00
-2.025112878592083998e+00
-1.993958809955018507e+00
-2.475151404557147661e+00
-1.961667281847895072e+00
-7.354195252305187891e-01
8.073130541887164890e-02
2.265421615638543995e-01
4.333879553914696259e-01
3.241540820331887396e-01
3.997384670137138496e-01
6.073234559206512895e-01
6.891574981912392817e-01
5.303646966360267001e-01
3.392576130570571502e-01
3.012895196258332797e-01
1.157496417820704782e-01
4.486600020235766983e-01
-7.431976796408777675e-02
1.915117248515733894e-02
4.989519311326585105e-01
3.756634652999714108e-01
2.191261938771142670e-01
-4.148016230848537989e-01
-9.332505865271585599e-02
5.100946194378067067e-02
5.603386581042881787e-01
5.553733367884009509e-01
6.153479747835095548e-01
6.984045746004726718e-01
5.786279897725690180e-01
4.579510235621161995e-01
6.656115938280273703e-01
6.034588026660456794e-01
2.135366777291012597e-01
1.409639459699039976e-01
3.454240527745238154e-01
-3.222607315514244286e-01
1.151524519670959618e-01
-1.348210148577413670e-01
1.264336340503751932e-01
-5.481886774716110411e-01
-2.166665881527400916e-01
-3.104878797020192982e-01
-6.660575723740453924e-01
-3.125846287828247250e-01
-1.157204104937769484e+00
-1.785084595149790676e+00
-1.357927243367273995e+00
-1.726221652692118136e+00
-1.397265494218787207e+00
-1.294110452287462021e+00
-2.194560656224146200e+00
-2.359015406622116728e+00
-2.351164190513507446e+00
-2.964317821138573894e+00
-1.696291395189361229e+00
-6.102418003051423012e-01
1.934463808196320023e-01
-1.212589969695792025e+00
-2.586803530018008113e-01
-1.250302729130955415e+00
-1.635195552903569327e+00
-5.431152839804661570e-01
-1.982215320988195417e+00
-1.308894992907079224e+00
-5.703606051790207632e-01
1.728795528724375585e-01
2.566802820690758380e-02
-4.950225378837362356e-01
-3.654081745066730669e-01
-1.207578672676682174e+00
-1.230530460727384368e+00
-9.374415277014443992e-01
-6.890219571902649331e-01
-7.861173362064257653e-01
-2.667809160076925479e-01
3.141641996884861343e-02
7.130832990055853415e-02
-1.342175425761148178e-01
1.882079029307799634e-01
4.877037946058476181e-01
6.122008827692058119e-01
1.988909278354364374e-01
1.498397307131708323e-01
-1.976581927410322667e-02
-6.429844213418718646e-02
2.146405358730325008e-01
5.095689461536158371e-02
-1.760164382962540408e+00
-1.933769538549166223e+00
-1.063452145326524212e+00
-1.061924188774337058e-01
-3.678178595684721275e-01
-2.820970951578866681e-01
3.105652832095147087e-01
2.974191040852515178e-01
3.824199659700349696e-01
5.950731077983464345e-01
4.555585386631707534e-01
-6.797535813037772767e-01
-1.357187976193317658e+00
-2.810228398317752840e-01
1.846495410521932223e-01
-8.888478249912717954e-01
-8.825853676488324417e-01
-1.098426285288464310e+00
-1.885639455426528555e+00
-1.910638665290227856e+00
-1.199726569388475550e+00
-1.216445614954058785e+00
-1.076859265230166507e+00
-7.376677483380128519e-01
-4.373321948406263537e-01
-1.256564790213216265e-01
2.575659368235336255e-01
-3.418392754467330930e-01
-4.865921300878365274e-01
-1.081788624637854301e+00
-6.681441241565875266e-01
-1.035058590722032879e+00
7.399651631238894633e-02
-1.932299535773382426e-02
-5.396818051330259935e-01
2.158668714439431757e-01
-1.098503265446789667e+00
-1.703021597658008202e-01
4.413871487442211361e-01
-7.363589796763682083e-01
-8.883660742051765480e-01
-5.207364916038018654e-01
-1.692963222911023635e-01
-5.989979406752541369e-01
-1.598244869696248571e+00
-9.292943174033797549e-01
-4.389762290730199745e-01
-5.809571331299548946e-01
-5.458626438212355048e-01
-2.269752797943420941e-01
-1.229888632536669357e+00
-1.562118090721594577e+00
-2.352726660070727061e+00
-5.436431255097801118e-01
2.803437653595158494e-02
4.631146263535325103e-01
7.800516792869390814e-01
2.620995758577754908e-01
-9.180483255605762505e-01
-2.160395986390714285e+00
-2.271119205696441323e+00
-2.898901879466947662e+00
-1.438819104003753901e+00
-1.207301981930183121e+00
-9.579229632861041566e-01
-1.167132820177019026e+00
-8.442854093470749666e-01
-1.367360532497635672e+00
-8.990123170950297116e-01
-1.525865857731782071e+00
-1.272484714150866392e+00
-2.040120327664081967e-01
2.897063411083217188e-01
1.147814343781334845e-01
-1.381908606421822505e-01
2.334704712816726702e-01
-6.960771461051182829e-01
-1.700850996971899898e-01
-6.052394498267155143e-02
-4.824380328359604841e-01
-9.914596847539142166e-01
-1.326206250047670121e+00
-2.397640365215916169e+00
-2.373658636001808819e+00
-2.507227173846513502e+00
-2.526895762385117816e+00
-2.083534702060366950e+00
-1.269968704742558963e+00
-1.052223152437086862e+00
-6.922875359229169190e-01
-1.002633578472977849e+00
-7.206286039826858003e-01
-4.128132841820438825e-01
-1.281719632156810285e-01
-1.023026067662053729e+00
-1.293652293497844497e+00
-1.694854771097779489e+00
-1.960937016582332104e+00
-9.203713279948360082e-01
-1.212036846773969945e+00
-1.777384666030097371e+00
-1.412747912698021135e+00
-1.888385674520916213e+00
-2.232247626553845787e+00
-2.129562563051468960e+00
-1.695137882452119271e+00
-1.292183241530282967e+00
-1.636120687693339404e+00
-2.354166109050213507e+00
-2.163777890272060578e+00
-1.135752998659829371e+00
-7.365078963035683879e-01
-7.067740928613609475e-01
-9.341608646478503086e-01
-1.853376178653520112e+00
-4.948375790631333038e-01
-3.053811814665723379e-01
-1.592226527474212838e-01
-3.836315177864622200e-02
-1.189319178233049779e-01
2.302363176069411044e-01
6.411689931455347713e-01
-5.668512265662527250e-02
5.135043903635113649e-01
7.335118165396699030e-01
7.304342912342478567e-01
1.194893146641464288e+00
1.294245995514730962e+00
1.259452903560168924e+00
9.167238901851182398e-01
9.021078076395784295e-01
-2.185862739432329338e-01
3.250265784183024587e-01
-3.331905211242142117e-01
4.602198532433761646e-01
-6.791156566812749096e-02
1.361255169112717822e-01
4.663447413418284060e-01
8.877436756507499638e-01
6.329358870221288846e-01
1.972405303003362531e-01
5.201830439704350356e-02
-8.046597611238377468e-01
-2.514758269988387474e-01
5.433672577852562968e-01
-2.090890867807021491e-02
3.000280755409214239e-01
-4.415354933849240104e-02
2.999360729994695052e-01
7.204720386559033685e-01
7.712728594491722323e-01
6.455076634035376015e-01
7.554959070214029015e-01
6.933932531004667332e-01
7.694980634052185353e-01
4.279101661472533014e-01
7.910814545003639342e-01
7.990215685376627075e-01
6.845636678060819102e-01
-5.403321090204522559e-01
-1.190519824015912720e+00
-1.744937701947249620e+00
-6.155158830871769737e-01
-9.022842296516155880e-01
-5.246614601360899410e-01
3.019901838063254740e-01
4.202697383993397873e-01
3.720615212836412278e-01
5.282884382278838498e-01
3.679745335850462817e-01
1.155595441244217314e+00
9.985349385156518931e-01
4.500503113757740592e-01
1.043179429451954743e+00
6.445449827268625587e-01
6.785770760207009422e-01
8.572006283702316987e-01
1.155387931740514684e+00
9.326419966479866375e-01
4.899963866914942012e-01
8.148524815361015694e-01
-4.235849028465320520e-01
1.913218343692718315e-01
5.960755426469744878e-01
7.702102549164118184e-01
4.979779642720920108e-01
4.449030478015386647e-01
2.960579232065677635e-01
2.752868614497346322e-01
3.485413296758715362e-01
5.475419235384023642e-01
3.408370513217803266e-01
9.054804112096913604e-01
1.033271631993378126e+00
-1.944304752331671993e-01
5.856263615421382074e-01
-1.246093589339498431e+00
-3.498342177976140888e-01
4.268414184384834997e-01
7.418610366988263038e-01
7.046695687199716618e-01
1.079273336721175314e+00
8.494784776070044563e-01
1.199455518609525428e-01
4.988230903884574019e-01
1.053793590919811285e+00
1.092740354894401689e+00
8.215390999359355462e-01
-1.539264368546826023e-01
-7.852472411902652327e-01
-1.913056044749234852e+00
-2.210785417228146699e+00
-5.194667089821775052e-01
5.454671045388413964e-01
7.237689555122864826e-01
-8.828013958051873500e-01
-2.178641621451001154e+00
-1.803755694153796663e+00
-8.242713317330476741e-01
-6.241429444419546169e-01
-5.031669030675575138e-01
-3.026800871351254529e-01
-4.449437234414400089e-01
-1.888551907613080227e-01
2.980654786091895825e-01
2.151122127561407860e-01
2.907406053617126451e-01
4.038632000522247578e-01
4.189333937176244471e-01
7.652452456808056525e-01
3.433868965727161493e-01
6.510516247065342155e-01
9.181113959194295848e-01
9.847559704493595856e-01
9.135740823099190999e-01
1.040848833457532985e+00
1.139200809976975926e+00
1.095881347043158760e+00
-1.359995516541283311e-01
-2.367204027499566349e-03
1.098461063542078286e-01
-1.202720867237620395e+00
-1.854266849064573064e+00
-2.714292892510731026e+00
-3.183235336536448745e+00
-1.077842868123811693e+00
-4.180328836997794506e-03
6.143704610268739819e-01
6.455215994180595329e-01
8.102380863309083248e-01
1.026232906542460910e+00
9.314836133636409388e-01
9.004555918301114792e-01
7.706955163333913950e-01
8.642212580848744885e-01
9.221934876695276895e-01
2.776955929352779018e-01
-2.408290466598195234e-01
-1.185986067684881018e+00
-1.611950178105346465e+00
-2.027303947049320154e+00
-1.915408186922823663e+00
-1.275773039471277182e+00
-9.091255791819092824e-01
-7.389117968157414840e-01
-1.781463864351221060e+00
-9.543852120849092291e-01
-2.248600116763961598e-01
2.048393833432471389e-01
9.737595110596736214e-01
5.951839755545997868e-01
2.972943838953658879e-01
2.652791857708372558e-01
8.854197987611230058e-02
-5.508726666103849756e-02
1.144631861656147387e-01
5.427645030001371218e-01
5.333420106950657047e-01
5.562396739915625998e-01
1.815959592163911840e-01
-5.423639763701457728e-01
5.563344720785206032e-01
7.660110514308294816e-01
1.119732822130544259e+00
1.312819223713514560e+00
1.391679986828269877e+00
1.370779904841511243e+00
1.384527285359725246e+00
1.196615854130367751e+00
1.510978404763523963e+00
1.349159762024216613e+00
1.396034453326706171e+00
1.440415624292095798e+00
1.493836077764012282e+00
1.406040410749929137e+00
1.382003202935278452e+00
1.580187494395348446e+00
1.693663186771211748e+00
1.611605151206620512e+00
1.685069852363354048e+00
1.767499407018562785e+00
1.635596280690285509e+00
1.224233588080599899e+00
1.672031022498741359e+00
1.533788660615981181e+00
1.418417024320011377e+00
1.517182600705055950e+00
1.480377319556041016e+00
1.513229436431580144e+00
1.601304082971068077e+00
1.703096684612159795e+00
1.607470143588178857e+00
1.839956339539707608e+00
1.522016313072450000e+00
1.007405729097150981e+00
-1.478776888039298187e-01
-1.990161229095523732e+00
-2.239237887610428857e+00
-1.976538530974601526e+00
-2.550170691428386593e+00
-1.751215972176431435e-02
7.170395618850724517e-01
5.257918551035311028e-01
2.992864806494685004e-01
6.312094641445743504e-01
7.671449258293998597e-01
7.243228163492260174e-01
9.240345419724083076e-01
2.173695911811620307e-01
2.940443958788084289e-01
1.965971310385724886e-03
1.324215951086827880e-01
5.327749191140677132e-01
-3.494613193675388807e-01
-6.180193539033742578e-01
1.619246154814060756e-01
7.471428438381337855e-01
8.860622590854357883e-01
3.974210375515930260e-01
5.976504693033105609e-01
5.372451536093153512e-01
1.011009861056053838e+00
1.047645676549073368e+00
1.274041045513376158e+00
1.291044458835677311e+00
4.980712527060875972e-01
1.000879458457020643e+00
1.490494161884750479e+00
1.344063933373926822e+00
9.996294006765281681e-01
7.705937546498843327e-01
8.273792843964555832e-01
1.066442624621087631e+00
9.268661682885827036e-01
1.013802042757309563e+00
1.197895507235487544e+00
1.212984006685018157e+00
1.212697736391692871e+00
1.256741391035330446e+00
1.275702858452226307e+00
5.712651236460001281e-01
8.050484802401961515e-01
1.218767132898797678e+00
-1.431764868740087238e+00
-1.407738821877072333e+00
-1.319051582122653610e+00
-3.006397715182559938e-01
-9.651217815674089096e-01
1.093336794398191147e-01
3.596684544418671248e-01
1.509292521776912088e-01
9.559886257420955324e-01
8.665745530791227891e-01
1.204680183692796502e+00
1.429255248392909294e+00
1.458237253211964513e+00
1.104085396698563315e+00
6.897146754388145951e-01
6.106847947814629807e-01
-7.128430401430990715e-01
-1.624917955914386258e+00
-2.266528124248304632e+00
-1.975473786363933115e+00
-2.998454633845299908e-02
-1.974480470852457703e+00
-1.953637050439162026e+00
-7.584288096392687306e-01
-5.880766182548942123e-01
-1.858285388683055928e+00
-2.663312767302068895e+00
-1.805162503192947909e+00
-9.963545082490925520e-01
-5.577424615610189207e-01
-3.813801698506931459e-02
2.007713340044959549e-01
-1.895825836710373080e-01
-6.166686588328589291e-01
-7.820263090844646880e-01
1.672977798941965855e-02
4.958235309425713111e-01
7.896189199594602082e-01
9.454375934602079479e-01
9.209357064883275656e-01
9.900350159147275342e-01
9.160429417171065403e-01
9.944531474206270705e-01
2.535280055831891088e-01
5.502181290349217324e-01
-3.465611824819365139e-01
2.797771790718980300e-01
4.486988964998009366e-01
3.218906409253636802e-01
5.793662496598424028e-01
9.354871390030264910e-01
9.533600034767339970e-01
3.419631388461725763e-01
1.094635466381222333e+00
7.591253156215669318e-01
7.510341261229169785e-01
1.738885837595865735e-01
3.023205848460653322e-01
1.053996884028094022e-01
1.609372202227705162e-01
1.206752937656774688e-01
-1.258519291285254749e+00
-9.571524561807155385e-01
-1.949998505640301749e+00
-2.319250454483583912e+00
-1.257623465975535426e+00
-8.362298289801890494e-01
-8.708742485996866511e-01
-2.308904055034501912e+00
-8.100775638098275389e-01
-1.338659540026893469e+00
-2.325088977083273889e+00
-4.776232141037753953e-01
-2.050368921669672995e-01
-4.774976415679814123e-01
-3.908610848509405100e-01
-9.969758114369359214e-01
-1.009488214566496067e+00
-3.740251933573599669e-02
-1.034197452918977023e+00
-1.370078953713415482e+00
-2.268617547281685187e+00
-1.543031794035569115e+00
-1.818163366444626838e+00
-6.218167998972201627e-01
-2.479684006545105568e+00
-8.794710835115114866e-01
-1.703635123483488778e+00
-1.716445616633412552e+00
-1.102906447795124062e-01
9.959214256006743149e-01
1.100948703047510246e+00
1.283357075567553185e+00
1.013170322208237772e+00
8.665189835752850067e-01
-4.491258325012364438e-01
-1.239083022238452347e+00
-6.949426274313823537e-01
2.912000892000857766e-01
8.236210724882759848e-01
7.227651872418913159e-01
-1.331833647092954154e+00
-4.097082972976152093e-01
4.817448421302062411e-01
6.269900531830315815e-01
9.751353468084218434e-01
9.542070357611187603e-01
1.016445648200084095e+00
1.103303947556406150e+00
8.251519051215120415e-01
1.092545018875741958e+00
9.272939836398912394e-01
8.370641289292395371e-01
8.320366014472340144e-01
7.728991470742183623e-01
-6.485000674733589765e-01
-2.255665552791545070e-01
4.862944271963574594e-01
9.931688522114781037e-01
3.681970469163001747e-01
-5.050063274049528816e-01
-2.813025446396956397e+00
-1.149649660253929229e+00
-1.279600225675436576e-01
-7.168580707499794258e-01
7.196870528227758967e-01
9.105293830101484076e-01
6.355861757922957045e-01
-7.422544274769499184e-02
-1.968415057415145442e-01
-1.711911053933732607e-01
-6.286230383837029256e-01
1.451579213820295422e-01
7.305517674163305442e-01
7.112678269244142593e-01
3.934827868683787866e-01
6.572406491855575794e-01
7.894019501299995856e-01
7.735091838256257235e-01
4.020041109443230343e-01
-8.042502879864735776e-01
-3.275422116708452402e-01
-1.374905924013180014e+00
-2.139482605733879605e+00
-2.583646254098189488e+00
-7.358579988584377229e-01
-2.120715411792334582e+00
-4.418075776494790330e-01
3.547560260988674163e-01
8.029719968842626843e-01
7.455805843302383273e-01
5.049872513562091436e-01
5.911541790198326929e-01
-2.071218199662568926e-01
5.501485610326717346e-01
7.742971211995312020e-01
2.793561472494094922e-01
-1.169999863955712760e+00
-4.806404462485153739e-01
1.665734497015798343e-01
-1.614839217201637089e-01
-2.160944604619477794e+00
-5.782944459985559504e-01
-1.441472925918268588e+00
-4.450568446526189104e-01
4.870975764271900377e-01
1.168240774837603357e+00
9.769911621646670818e-01
8.428325965235182737e-01
-1.079418603405252641e+00
-4.427227146514052802e-01
5.386627252849108816e-01
1.121351552305178828e-01
-1.900555589139471868e+00
-2.389618450573115227e-01
-3.826222265164724856e-01
-1.098756826178457047e+00
2.786921290870196799e-01
2.093293578060662907e-01
-2.363649016256689883e+00
-2.015604812454866224e+00
-3.240225092182389410e+00
-2.358219107327310660e+00
-8.814520766076880953e-01
-1.472088117461081147e+00
-7.046723179910946433e-01
-6.535078161973703059e-01
-5.960815376836439139e-01
-4.783939013268553309e-01
-5.117395190608198252e-01
-2.134571935771659712e-01
-7.885140961148876526e-01
2.792193927259496375e-02
5.141242123821262999e-03
3.424197945710446556e-01
3.448694801384071251e-01
1.198253015302978008e-01
-5.525853171234359484e-01
-1.220044824877829087e-01
-5.930169213964727737e-01
-1.505067223936463527e+00
-3.656482325121158117e-01
-6.245978220528630720e-01
-7.240027418541163939e-01
-2.234127343172783997e-01
-9.867409971926340839e-01
-6.199224274081709396e-01
-8.708856064625880578e-02
5.707892015653285300e-01
8.126008464078946503e-01
8.866023441025774332e-01
6.892876569307554435e-01
8.302232497065180628e-01
1.115988694031951056e-01
-1.766537826287200297e-01
-1.786582101279751700e-01
-4.886822539529822040e-01
-4.470051235751154595e-01
2.459508151802723697e-02
2.496430946935255524e-01
2.943151383502292523e-02
-5.134753311772309869e-01
-6.196175328162718543e-01
-2.066090225504714883e+00
-3.049018375817414306e+00
-2.959349930226518044e+00
-2.980721874507886504e+00
-2.790129718280352833e+00
