3.460143795038125303e-01
2.390887521659547377e-01
-3.857931577436194553e-02
1.229775332248618375e-01
3.210041139579813407e-01
2.028611754764032549e-01
-1.603652566300867999e-01
1.266380637749732196e-01
-3.438078528304523013e-02
2.578820829434992912e-01
-5.770406216022473389e-01
-6.668301959331315309e-01
-3.863626463691219315e-01
1.249668965050070996e-01
-1.626475314015247420e-01
9.493803520107679805e-02
2.656964658297062964e-01
3.846162541907622856e-01
3.122427295828569815e-01
6.233870390098633640e-01
5.963961184629668066e-01
5.463533420317198130e-01
7.981805305701954456e-01
7.798552983766626756e-01
8.608955956613322247e-01
7.300605717206877232e-01
8.628503537572779214e-01
5.046208684647501830e-01
4.173165958460543501e-01
2.874690379801926321e-01
2.344249277358535499e-01
5.951251161781692112e-01
4.268704851612153961e-01
5.761774705865054802e-01
5.139018917562957478e-01
2.536662412740666728e-01
5.832502986629727326e-01
4.009808671101975364e-01
3.964347492879741197e-01
5.496499580409461849e-01
6.122062152728479090e-01
8.975858105500850170e-01
6.988759294099202712e-01
3.579049214798104561e-01
3.749907821566659805e-01
1.014931935049253747e-01
4.128898735375738926e-01
5.596245362812244384e-01
6.042697330727887506e-01
4.786519450764337158e-01
3.092745291833392529e-01
2.649990948798368051e-01
-8.118509894539160943e-02
3.652378196285976375e-01
1.105769451600511627e-01
3.294567179644315447e-01
3.064921166298673616e-01
1.306114167425225236e-01
7.127001349966421984e-01
6.347815948754822468e-01
6.806962727871836982e-01
1.116292331158601214e-01
-1.995019246039292371e-02
2.473967124427315853e-02
2.602281070795613438e-01
-8.288591285811627851e-02
1.463224738098753419e-02
-3.068607863526376378e-01
-5.877845057654191852e-01
-4.041083678224647868e-01
-4.940494853745817233e-02
-3.703533602106112710e-01
-1.032769330393387176e-02
-3.287394332227150384e-02
4.947481432683112357e-01
-1.799977339679048327e-01
1.879662084148934209e-01
5.247877204898114822e-01
7.018003112437535274e-01
5.862804285522612568e-01
6.125729400631768629e-01
8.474845727295743369e-01
7.929391482845712380e-01
4.603993761069628543e-01
8.088594978652832168e-01
9.548994291792084477e-01
1.043476388054432658e+00
9.945759768177822036e-01
1.006116677511109447e+00
1.089172381318143978e+00
1.128241405569893052e+00
1.017678936344384777e+00
7.629517689654540247e-01
8.991435306215128653e-01
2.443647043598458912e-01
3.655316286002965320e-01
5.168107033895921187e-01
6.714317317058660084e-01
7.051603745064927153e-01
6.296797177219037867e-01
7.384675480222119281e-01
7.064681133473440511e-01
8.146818205737127450e-01
5.947971350490317555e-01
6.849719054000762419e-01
1.028984822594606330e+00
1.187846309641526821e+00
1.206814905224472101e+00
1.137447795182093824e+00
9.573761079476067470e-01
9.368574300206872207e-01
8.513580932387077027e-01
1.081206359998423405e+00
-6.103539578785351083e-02
-3.473729522638929201e-01
-4.018674217252456993e-01
-3.464798615417171712e-01
-2.872906016159753606e-01
-9.718904245179868506e-02
1.829797482696567945e-01
2.411639623615039474e-01
-1.016357372470270450e-02
-2.740898862439301031e-01
2.438274018901696871e-01
1.587269396397416876e-01
2.427958289110279666e-01
4.448331860732548382e-01
6.400458687525749646e-01
8.225977365624275173e-01
4.912107650283552007e-01
9.079172170255902508e-01
1.225531956916071419e+00
1.215285524389574157e+00
1.136803804711337795e+00
1.200822015615901517e+00
1.314572852777583289e+00
9.135930706649825206e-01
7.945560690346195054e-01
1.263857918684628157e+00
8.238829352570153919e-01
9.839600953542173567e-01
-1.002355278023373097e+00
-1.174773499976958124e+00
3.145177512842259326e-01
8.292077813711544731e-01
-1.122554275017989989e+00
6.114993034708466890e-01
3.243581704428077361e-01
7.812075207182366254e-01
-2.104391328197477762e+00
-2.639615739045221954e+00
-1.475491377378096214e+00
-9.490222005795631022e-01
-2.044633763330769405e+00
-1.813921856685664080e+00
-2.688377697321596482e+00
-2.108018347365591350e+00
-1.963798560626518919e+00
-1.668367881303869371e+00
-2.375608904300804181e+00
-3.224138360127249303e+00
-1.837491379119984725e+00
-6.140228155961781065e-01
-7.437686644708468853e-02
-1.271271887561857272e-01
2.368783614753014188e-01
6.773805474525295134e-01
5.357022629887616683e-01
7.896212401663071923e-01
8.907079551681711393e-01
1.090990034837200140e+00
9.469329813612648028e-01
4.169133950132347111e-01
1.053420993164290387e+00
1.191333495002653065e+00
1.088332316582298676e+00
1.064659808973676514e+00
1.336489675409655353e+00
6.714026810217366137e-01
1.092253860506346763e+00
7.345824605123084661e-01
1.111540844495547020e+00
1.121219132827055764e+00
1.246049726963444071e-01
7.445796343311583687e-01
8.676134072927240704e-01
9.596985584647412804e-01
2.667950581908561936e-01
7.342612856684337386e-01
5.586937023967862848e-01
6.887913265039891098e-01
9.859595006169837861e-01
8.609734635384096446e-01
5.454916028665045546e-01
6.754348466407075202e-01
2.854667606260423152e-01
1.055408245331707351e-01
2.983131411112213693e-01
-7.743951074822363889e-01
9.479830526823779246e-02
-3.107522649864686848e-01
1.622074081267504131e-01
2.831477884830316261e-01
-3.539997154231735443e-01
-5.738034246186631826e-01
4.536057428784975865e-02
-3.190939756660944870e-01
-1.205552738276192554e-01
-4.643140913811600878e-01
-1.056828307403815170e+00
-2.674526573759999692e+00
-1.316429879303507633e+00
-2.895162351160507352e-01
9.493604658326493251e-02
-1.265774596320911327e-01
3.439939189399113251e-01
4.100110665814906685e-01
4.957367817837474155e-01
5.467094804732399727e-01
4.785792680442582103e-01
7.224583989919942661e-01
8.760944851362322261e-01
-1.035572189962806477e-01
-2.269613711079032203e+00
-6.547359031122417239e-01
4.928063100708221511e-01
3.490798016891683564e-01
9.069882348185913656e-01
6.168467897266938227e-01
1.479595050431275483e-01
-4.742214599447343998e-02
-1.023953184985384457e+00
-2.145571054584967996e+00
-1.715628532528109540e+00
-9.056700079411432736e-01
-6.200748070574473303e-01
-6.661435836765480234e-01
3.559788812783701989e-02
-6.662090086952953370e-03
4.970192878119803620e-02
4.101238827285824118e-01
4.785290862775812282e-01
-6.822156964342647179e-01
-1.921178114938272730e+00
-1.948936834950316666e+00
-1.241235828008819819e+00
-9.882590218874702792e-01
-4.718877507061965959e-01
-6.600513975611965733e-01
-1.707214244847772566e-01
4.040934359496811124e-01
7.435168986871312224e-01
2.216600708139437603e-01
3.242713864045734806e-01
-9.037206405086122274e-01
-2.614152165526487104e-02
3.986436181495300324e-01
6.464172348800499845e-01
-4.111674035559023666e-01
2.088978948022006954e-01
2.665035645341307102e-01
4.248117044841729917e-01
8.013000686489524238e-01
3.095427790734472384e-01
-5.018953121522332084e-02
1.009093726103800881e+00
1.134382094223741477e+00
6.246644517249249073e-01
5.520988836077063144e-01
-2.225749530273330445e-01
5.092612081238386823e-01
-1.589032626101682943e-01
1.029256721879294317e-01
8.799632137993082179e-04
-1.247956961037366974e-01
-5.384065278185456993e-01
6.243444316607490996e-02
-5.758479126990382335e-01
-7.221030674903710089e-01
-9.398879032104453524e-01
-3.895532611874367168e-01
-8.243492002903191063e-01
-7.219387529880931798e-01
-9.275497236224117259e-01
-6.095025809449190479e-01
-9.578035356761290808e-01
-4.213527360890378382e-01
-8.659421211206322008e-03
1.881470838776041765e-01
-1.204508350084768198e+00
-3.754022401409181642e-01
-5.869510006602514096e-01
1.038272884848423644e-01
5.941989737279204098e-01
1.778955265732378999e-01
3.254677085092683164e-01
3.151020890641998973e-01
7.682714046443619438e-01
7.964759547323637667e-01
8.358148756162275816e-01
4.828884425694603966e-01
7.382650792103290227e-01
8.830500074497407703e-02
-7.203164889300934792e-01
-1.528080454129791210e+00
-2.469062668375203717e+00
-1.220294498154706142e+00
-2.610978243458783155e+00
-3.607478766238788048e-01
-2.577495937602019005e+00
-1.570706742270887357e+00
-3.563232858728170860e-01
-5.640482967370464840e-01
-2.031477851195599427e-01
2.442065213369234156e-01
2.133799498171895515e-01
4.885272622872196546e-01
5.782739464262655060e-01
4.850512769464764840e-01
3.028607201089392187e-01
2.157379624249407823e-01
3.974532014298783889e-01
6.942622035690338977e-01
8.815381299220164113e-01
1.191213778606095008e+00
3.843131431616674809e-01
-2.317070097293115971e+00
-4.655124152357435485e-01
2.453649580088106685e-01
-2.498176646219347319e+00
-1.720914023136655979e-01
2.444003345502083202e-01
2.879128433248289154e-01
1.828075132512551881e-01
-1.858430757362955210e-01
-3.012222913178468908e-01
9.191839244398292141e-02
3.984537729136392037e-01
4.827994509824796721e-01
3.315260229307177009e-01
2.888620858239340783e-01
1.465715829909154388e-01
7.073737420343044757e-01
8.991246831888249913e-01
4.970490279390101795e-01
7.992413979978267857e-01
8.745751405696965408e-01
5.203934927568953928e-01
5.440486578161862763e-01
4.131007837387762338e-01
3.663155618084861231e-01
1.763353177273031466e-02
3.630904749912030050e-01
6.401045499669343330e-01
-6.720463511426155723e-01
-4.950536800036114959e-01
1.375459399994836129e-01
-5.656418339364398529e-01
-1.686111275795558750e-01
1.013059664803516613e+00
1.243745054879882295e+00
-3.246680835751393213e-01
2.687108861889280775e-01
6.808381361445613456e-01
3.502027553052638464e-01
9.336703846197512702e-01
8.514911876899715626e-01
5.005209877741666480e-01
8.690356755000311351e-02
7.899786404524089534e-01
1.706319328402975177e+00
3.799644993347108812e-01
6.178410887263882101e-01
7.956383892544159897e-01
8.547033909441722477e-01
1.046201090799890654e+00
8.139454181158719548e-01
1.139801143485447588e+00
9.137880143198334748e-01
2.776305532184213942e-01
-2.047731304119489448e-01
3.546112696778502271e-01
6.460164428167660677e-01
7.903602787634543825e-01
7.688074184876416695e-01
2.988019994018708547e-01
6.808914006294758403e-01
1.047590118991470920e+00
7.523656011668047316e-01
8.407975729292002098e-01
7.775858291436353875e-01
4.300337322102565363e-01
6.583558833009439670e-01
5.576531075607024102e-01
7.499383574610051229e-01
-2.766746862752090808e-01
2.906278073861153777e-01
7.086803548200412139e-01
7.386041123996209823e-01
5.382868121944265338e-01
8.825211242202664341e-02
-7.097176511057462500e-01
-1.782319649595776601e-01
3.147638327869273223e-01
6.545404303259098056e-01
-1.852056813468927199e-01
1.033974578368029029e-01
3.388872331463322479e-02
-2.761492641987855490e-01
-1.817320575851007813e+00
-1.471966962190116357e+00
-4.739816590227987625e-01
-2.200032946943942733e-03
3.541872230704504187e-01
-8.904543520111741009e-03
-5.405824990394836327e-01
-4.338970899798119119e-01
-8.577066823929385686e-02
-2.242965697364054656e-01
-1.858848202960095009e+00
-4.354785581369028935e-01
2.269926016904837696e-01
1.058000346892146726e-01
-1.307454989216253249e+00
-1.231273405627395290e+00
-1.433068214368083959e+00
-9.734868663310805026e-01
-6.347107101348733460e-01
-9.986181268099832975e-01
-1.704957477925600928e+00
-2.167947507716924793e+00
-2.431493494008205136e+00
-1.842951717332371508e+00
-8.331642406702066683e-01
-4.114583328930064843e-01
-7.583329694295021239e-02
-3.079327578266701781e-01
-3.970469920688305954e-01
-1.122051690238349941e+00
-6.894758866985355450e-01
-1.406185876790397998e-02
-7.999781467278859193e-01
-7.009095078295070058e-01
-2.789617794161746711e-01
2.068126768175587021e-02
4.983320032371307273e-01
2.329124345128037732e-01
-6.884159457380896185e-01
-1.149517997729887497e-01
3.968902781087251808e-01
7.435793966995095650e-01
7.484350476951748821e-01
7.405747466056274986e-01
6.311143550626918675e-01
6.936178488254457486e-01
7.649233905356861429e-01
4.008610358860665301e-01
6.938936919639703271e-01
4.427494633487768505e-01
2.958425815676591908e-01
-1.124716021590475901e+00
-2.039637124943439961e+00
-1.356902489893359265e+00
-1.418467172726068259e+00
-1.817181202387589956e+00
-9.383091487653113516e-01
-1.254405362258365630e-01
-8.243323332635676959e-01
-5.687628451004355101e-01
-5.665567918683999116e-01
-5.109783532814695661e-01
-2.210466949818846061e+00
-1.255286958757642513e+00
-5.770053785100518473e-01
-3.938299351412430371e-02
-2.342222606982007627e-01
-1.504060410044868235e+00
-1.374809833941164960e+00
-1.276759194508777062e+00
-2.111903776977160696e+00
-2.219773802366033610e+00
-1.447413790581939974e+00
-2.416239266278785269e+00
-2.718709431270107668e+00
-1.228684369092594597e+00
6.525149424417713007e-02
2.782082395761353300e-01
4.035082191521168621e-02
-2.102068411899748746e-01
2.951673316241085199e-01
-2.858848990147119240e-01
-3.615007974880495023e-02
5.259898546540218156e-01
5.892610504524788961e-01
4.928564197004253189e-01
7.493491257814492990e-01
4.366008881976951028e-01
6.835037395181041697e-01
5.910323546909873604e-01
4.938966843145046748e-01
5.743920876920068919e-01
7.891305775904675079e-02
-1.791786778895009702e+00
-9.291068788714473836e-01
-5.790131340699925522e-01
-1.021881368608714424e-01
-7.295682318491181206e-02
-1.185563919631555718e+00
-8.017236298629767388e-01
3.255875276853104627e-01
-3.234561162613239782e-01
4.959794786932090749e-01
8.300315549318164621e-01
-3.976932563436202939e-01
6.658525775749835063e-01
7.614372367301336375e-01
1.002394796845673453e+00
1.206498900899727778e+00
9.813923107309823202e-01
1.065623032851546359e+00
7.954067839252759731e-01
8.585194533205147138e-01
4.727346596345063934e-01
-3.454486179919188382e-01
-1.773830069871389803e+00
-9.466756743447451994e-01
1.737997988579356445e-01
7.065016557170942235e-01
-1.642665587412781569e+00
-7.548675460263714054e-01
-5.346609777713502432e-01
1.706205093441469367e-01
3.986970824135796510e-01
3.592997328185768002e-01
-1.841466390655828178e+00
-2.451915474452516897e+00
-4.668306439645780181e-01
-1.826143647906937950e+00
-1.210987582786996253e+00
-1.998738690643697691e+00
-3.006825331332141360e+00
-9.355921708836349993e-01
-4.671187025467147813e-01
-9.881662617210162924e-01
-1.867247701015429528e-01
4.703838328922446688e-01
4.592572786826176201e-01
-7.996351099994183920e-02
3.806323149264037031e-01
5.080496340491335028e-01
-1.218936522850382120e+00
-4.404423664874586031e-01
-1.222919706113919508e-01
-2.808277810329995461e-01
-6.526354749879499373e-01
-2.275516535181330902e+00
-2.933524062748621208e+00
-2.071278257956365998e+00
-1.366736566881991299e+00
-8.726715349708096259e-01
-3.042229624982562552e-01
-4.876694909838096836e-01
-2.331348122815104063e+00
-1.325149085386563064e+00
-2.943941423311409733e-01
-6.378154384638447250e-02
1.999318909322146398e-01
4.617528773352009841e-01
-2.148839655239308810e-01
-9.834569318732400145e-01
-8.759375796961442751e-01
2.253286026723967661e-01
5.660217298956747856e-01
2.835425154685487503e-01
4.566334183783266054e-01
-1.126513061794632009e-01
2.761439307717409863e-01
5.098528300314274231e-02
1.452415819191456292e-01
-1.321004292182412776e-01
-4.127787434491691498e-01
-1.661118683905128401e+00
-2.184725191545709322e+00
-3.016654078407857931e+00
-2.429735689026916834e+00
-1.233700909946182422e+00
-8.919457948039526407e-01
-1.824550535028965914e+00
-2.143802619666374198e+00
-1.154359402874985285e+00
-1.932097923804386497e+00
-2.517616121534632878e+00
-2.066056005466978096e+00
-2.468951888339269374e+00
-1.864500071770285317e+00
-1.561234944089879007e-01
-8.017459238903426044e-01
-4.361735495066129120e-01
-2.783104936109148109e-01
-9.374531545308495417e-01
3.075386808896899971e-01
-1.102561151883975354e-01
4.038582928484343859e-01
9.646557940690912991e-01
9.414740259905648445e-01
2.894449420436909226e-01
-2.485618664369494413e-01
-1.175654708431064677e+00
-3.641375315168418614e-01
3.156961340172442093e-02
2.455237819283344336e-01
1.351746538245751361e-01
-3.424158633070333857e-01
-1.194154462511972437e+00
-2.063047633099642120e+00
-9.103723572002524467e-01
-9.950314545526921517e-01
-1.000969299528605694e+00
-8.033615941862075616e-01
-1.490377888835695552e+00
-2.365273711717183591e+00
-3.010066218555764728e+00
-1.421331597878643160e+00
-9.032723224525853745e-01
-7.057897499803619246e-01
-1.855205299918302186e+00
-1.216704945274633243e+00
-2.290849900374610115e+00
-1.985267120098225035e+00
-2.189631991850358617e+00
-1.130266633855090186e+00
-1.306023901593708958e+00
-1.755973297708115943e+00
-1.618351159569768161e+00
-2.113588530306596880e+00
-8.403942505933602591e-01
-1.442920386238320529e-01
3.247461462978571967e-01
3.057711243330786810e-01
2.142316924734513628e-01
2.155072023290457994e-01
3.427890822917701308e-01
1.421795480948769841e-01
2.494998116587661130e-01
-7.937419078402484507e-01
-2.809167310792605399e+00
-1.477791298758387217e+00
-5.477596718319431846e-01
-9.941620634202497087e-01
-7.917859513920182390e-01
-7.805280645674445017e-01
-2.904379454277841166e-01
-8.187300438397576707e-01
-1.026259902170391314e+00
-1.225874455503281668e+00
-1.967622276097462652e+00
-2.765082052892000153e+00
-2.638658486676244586e+00
-2.095429772328036844e+00
-9.190974881989487644e-01
-4.836500875860248461e-01
5.140375407743633801e-02
-3.584858860749286225e-02
5.563869754796026829e-02
2.164536104289052354e-01
-5.326843927324804717e-01
1.944441039015443878e-02
-8.667658757770593803e-02
4.712354884100888874e-01
1.683309789529786604e-01
6.129009683195941749e-01
-3.355922763863537078e-02
4.809634012244871637e-01
5.618992110380749416e-01
-4.007155456382270609e-02
2.886199273918177988e-01
4.193471843444492864e-01
5.003437035752155149e-01
-4.907472181800525690e-01
-3.778822297004285485e-02
2.835748400868939312e-01
4.003057969248863812e-01
5.024329620688441356e-01
5.216292397775008638e-01
2.591150025276902635e-01
-2.121045205523363897e-01
-3.765331223121823889e-01
-3.456811106609022910e-01
-2.557438344059680402e-01
-1.396156203418293384e-01
4.131543621480782136e-01
5.702854107466985845e-01
-2.324547993799885859e-01
-5.756996650054309050e-01
-1.983933309699120517e+00
5.572278933070550638e-02
-2.974721614266442882e-01
3.634778300658783046e-01
2.811112242039833786e-01
1.742985116985223959e-01
-5.284278223652898454e-01
-8.082783923060586906e-01
-8.206031280318486498e-01
-1.504901272075061525e-01
-3.745989403641309945e-01
-6.466941187400848667e-02
1.859878202219103493e-01
4.317005704424402013e-01
4.223617682861763312e-01
2.894105377440631677e-01
3.507924696515731799e-01
2.105739670036846367e-01
2.394564439359095354e-01
3.450320322198789647e-02
2.588849812050744159e-01
2.461085588479459685e-01
3.418945156907889360e-01
2.032836569210747790e-01
-2.220887550669121968e-01
2.136404155206233779e-01
3.892213974970774593e-01
2.401917517170504002e-01
1.988461134201493230e-01
1.099562727834120339e-02
4.063399554324485519e-01
-1.661886330227182185e-01
6.734182419391261665e-02
2.956102705426779664e-01
1.686892569412073717e-01
-8.958826559480652652e-01
-3.770475329673488862e-01
-2.905547266191293443e-01
-9.509584092265763178e-02
-2.884386978141492003e-02
2.375287444138028670e-02
-4.117034086112032060e-02
2.601127528944858699e-02
-6.346706831316148434e-02
-4.330340058028364636e-01
-6.290557569172318120e-01
-3.299717563710284907e-01
-1.240058942502640704e+00
-1.644692483563017504e-01
5.137170243937954073e-01
4.688400761100253167e-01
-1.212046747535463626e-01
-5.677175116378632147e-01
-1.293447551897662695e+00
-5.201734775792612453e-01
-8.752702300684549186e-02
7.478613384180926582e-02
-1.482881061038309745e-01
1.161276532077488988e-01
-4.356610206661076790e-01
-2.129704132214634615e+00
-1.698353365354420719e+00
-6.532353810627261614e-01
1.399918543910814439e-01
9.170569557838005592e-02
4.437230030031857897e-01
1.270324908930643704e-01
-1.103035725693751745e-01
-1.439971033365689823e-01
5.363305404967121104e-02
1.825962389829848542e-01
1.127730979460154215e-01
-5.260736438279882687e-01
-1.151449340957845680e+00
-2.484128181808889502e-01
-3.756936349367469008e-01
1.114390428171610353e-01
4.733514520769487727e-02
-3.752607409856967280e-01
-1.332498515522591298e-01
-2.144634046037308672e-01
-1.973398508869965040e+00
-2.307635113921626235e+00
-1.562156333760235771e+00
-7.982652377740913352e-02
1.274419708489957399e-02
-2.508062003521173700e-01
2.920367359619962522e-01
4.222798977875910631e-01
4.950542541818203635e-01
1.758936720232845419e-01
-4.224519932455758076e-01
-5.744358753522500471e-01
-2.213417141338150929e-01
-8.853958898993010695e-01
-2.371825469558126009e+00
-1.507334549219940589e+00
-1.364221640206493058e+00
-1.026481882716695937e+00
-1.794947828250172961e+00
-2.635896477975054886e+00
-1.920172598211554504e+00
-2.357968885990411767e+00
-2.519059728180820024e+00
-1.288698402674441690e+00
-3.318542653210989624e-01
1.756785052051303697e-01
1.857513131135588580e-01
3.435291078978279788e-01
2.716013743027944072e-01
2.014294385683833843e-01
-7.171764779186869943e-01
-7.408401825574159050e-01
-1.338406870099178858e-01
1.751036237426334538e-03
-4.376450112208021825e-01
-1.746673679131743651e+00
-1.087509708688742860e+00
-1.511450233958421263e-01
1.364277880687175537e-01
5.016182052702121696e-01
4.705268220739219354e-01
3.074213544484724614e-01
5.252771749354894215e-01
7.473000799351863233e-01
9.022171755815033833e-01
7.811709768191297254e-01
3.927737297717961429e-01
6.528113739137877403e-01
7.644971667671045523e-01
8.539089383519795629e-01
8.068806476461221067e-02
3.150242114169133356e-01
4.531038818387284062e-01
5.069987420763365504e-01
4.354369101043879531e-01
3.039170786237925803e-01
1.823593852166857932e-01
4.650387312765562053e-01
4.059464345586961675e-01
1.498810791139248699e-01
5.667437813714438777e-01
-2.692906998105972990e-02
2.142677746249676274e-01
1.885321565022677615e-01
3.302771286640955248e-03
3.427294452307579897e-01
5.623003514777082934e-01
5.487554619612469153e-01
1.592989806006119280e-01
-3.366366480552713814e-01
-3.298873376570125859e-02
-6.691454291026531775e-01
-2.210974181542257444e+00
-2.674071513942786193e+00
-1.145655850503450202e+00
-1.334957130895399580e+00
-2.661012108228808071e+00
-3.032227114926285161e+00
-1.057876963524706948e+00
-1.950161389707745219e-01
-3.263023552403512273e-01
6.408920368404405488e-02
2.597497852187151124e-01
2.381899773993927660e-01
1.965620523630809968e-01
-8.578478797825946911e-01
-8.400235892096030721e-01
-1.872660324359451123e-01
-7.937940050324981955e-02
-2.744973096955217184e-01
-1.378921638913673531e-01
-5.306470287218719717e-01
2.473118404801962281e-02
5.422027233877922681e-02
-7.267678346511573517e-01
-1.864242485372612279e+00
-8.833413727535346371e-01
3.583206642590949231e-01
1.672895175969029702e-01
2.251032892247219752e-01
4.284839395083336333e-01
6.908034870089639901e-01
1.690081637769423328e-01
-1.254380391954168061e+00
-4.958179999077280131e-01
-8.484397173477608439e-03
-1.323598424643693594e+00
-3.221353533467063435e-01
1.015559744012515669e-01
-1.220062528155614889e-01
2.131242586380673598e-01
1.055549491426102660e-01
1.040153076440673702e-01
2.643993740290091488e-01
2.423487081028331547e-01
1.465295895765334755e-01
-2.050323439887287436e-02
3.789229624079878400e-01
-4.853316638178119952e-02
2.287649442856751897e-02
-1.812426685680284255e-01
3.958291556792695870e-02
1.482331172878464387e-01
-1.493493327441466789e+00
-2.605880674056343160e+00
-2.587039116210829270e+00
-1.056435023930901718e+00
-1.471985888573930090e+00
-2.848253678559466984e-01
-3.611098074847060024e-01
1.567356413842594109e-01
1.033623955072946431e-02
1.369010859453976547e-01
-9.822603286309318504e-02
2.797470635839478977e-03
-2.568155024168514849e-02
8.015457130644011718e-02
-9.599460331025402304e-01
-4.554255331957387520e-01
-4.557902223234832628e-01
-1.249456173730927544e+00
-2.310103313903945299e+00
-1.008631769448246507e+00
-3.305662629433977484e-01
-8.336802710570723196e-01
-6.270001093033895634e-01
-2.026242939721638159e+00
-2.461707260923070351e+00
-1.558988163169635621e+00
-3.585433999924281245e-01
-4.314733750378731969e-01
-8.017071786605607653e-02
-4.915182725267591146e-01
-3.582554665787626158e-01
-2.711261398081561413e-01
-1.612709800949052238e-02
9.834569112227442567e-02
2.163354486426425360e-01
-1.263328501059201470e+00
-3.872430643083267232e-01
1.579408685451588745e-01
1.333154011309597153e-01
2.763568842380842439e-01
-2.163693837500311190e-01
-4.616083051904237844e-01
-6.252229753150895242e-01
-9.297560596250147302e-01
-6.094539998364588707e-01
-5.024599480543042729e-01
-4.348120259002369314e-01
-7.112050484913826631e-01
-2.156161542300147060e-01
-2.472250489012733921e-01
2.588939788238500128e-01
7.255524810010826053e-01
6.752391201875800331e-01
7.658497304765269353e-01
5.698081753367274516e-01
7.791260114195649455e-01
4.837981958656074610e-01
1.269418252710306227e-01
1.496572529756603001e-02
8.447373922464936069e-02
-6.241601561552058142e-01
6.164613816990849315e-02
-1.661717957399957112e-04
8.754728828539717900e-02
4.653199997518475683e-01
4.198990085513033543e-01
-1.251320435408015186e+00
-1.828105070411102817e+00
-1.752414614898660516e-02
-1.138194770045449777e+00
-1.295913462601050004e+00
-5.575742569492945222e-01
-1.044824629301394081e+00
-8.583464697480074346e-01
-2.755445255537549709e-01
-1.606707098598421091e-01
-2.604952763512989877e-01
-6.821368360775825757e-01
-1.007065403009730353e+00
-6.486283503794773031e-01
-1.750079048273470050e+00
-2.687922896597151112e+00
-1.734375442926858746e+00
-3.082289692957838612e-01
1.620156249568705520e-01
-6.577163102125223315e-02
1.826981424312285052e-01
2.310229045463224606e-01
4.623684660707519378e-01
3.613477762115115954e-01
-2.110157242714887083e-01
-1.290748550628671998e+00
-2.300074875877605729e-01
2.672197599354272368e-01
2.231869633395819341e-01
5.436461957715046228e-02
-9.287105274367184471e-01
-3.333906928927481972e-01
-3.515900202490316873e-01
9.597441832359757119e-02
3.717820405900362224e-01
1.199123936685845271e-01
4.559401416952969521e-01
3.348231677004860352e-01
2.786597838307090513e-01
-8.108664933057403712e-02
-6.221237071370770977e-01
-4.728163017290739623e-01
-5.997530725460371581e-01
-6.288340296785177586e-02
1.299744816307660811e-01
4.425035289299948382e-01
1.463284537900797211e-01
4.844660054966205553e-01
8.640918960570117546e-01
1.087207360324958572e+00
8.362536661916325498e-01
1.007806313002438170e+00
1.189693804472707672e+00
-3.254695612616696487e-01
5.805669303013896165e-01
5.316376586113573666e-01
6.211571832312983155e-01
2.921092754891389531e-01
1.049280164386864472e-01
4.743790351427639718e-01
1.747845529660377872e-01
-1.597240385603988511e-01
-3.410031213960630359e-01
-5.243422606164246241e-02
-2.360589953582660883e+00
-1.690373017195311078e+00
-2.345032645133028615e-01
-2.156665496932011206e-01
2.449321092589014925e-01
3.997235449267245722e-01
5.841342414489910650e-01
-9.737425523057685606e-01
-2.412039825141499616e+00
-8.453775622788095578e-01
-1.594758510314238986e+00
-1.701325775268603957e+00
-5.286538484283372918e-01
2.550603594106549132e-01
5.293544410663035826e-01
3.727358410648583531e-01
2.376893032893973579e-01
-4.948619744096330320e-01
2.294162799894018320e-02
3.129254968371469325e-01
3.357246876864459773e-01
2.640666338585266892e-01
5.086379958015567748e-01
7.640915074053707956e-01
3.944922056815750033e-01
-1.669027624853793579e-01
2.264148188643272941e-01
-8.554779245962433887e-01
9.220346668795863232e-02
2.799940002158073371e-01
-8.663220352096408575e-03
-5.842588767062532051e-01
2.418510524123253791e-01
3.796564707038137532e-01
1.283624500031890492e-01
-5.451134429931981940e-01
-9.884525791110082560e-01
5.355420584147684293e-01
8.751194008667497748e-01
-2.273472977502918879e-01
-4.753593995465733579e-01
1.716294055226022242e-01
5.877379207025376084e-01
7.292477831620906015e-01
5.549733520654437369e-01
-3.960347203202007615e-01
-2.235201363870467639e-01
-8.818960411907826591e-02
-1.361159685880005410e-01
-1.435105638017120766e+00
-1.551719235376241290e-01
-2.822726086122431255e-01
2.809311344252294340e-01
1.074069929132296097e-01
-4.430607169326627459e-01
-1.212190868763038498e+00
-1.281646394428063163e-01
5.077933998035358831e-01
5.332524300564710495e-01
4.937878213590422560e-01
7.778110370405050267e-01
1.057066189410414969e+00
-1.783670016560989502e-01
3.477163976222739650e-01
-3.322799530581081462e-01
3.292937267504455479e-01
-3.302930790866223099e-01
8.133025717305324420e-01
5.757895594543254170e-01
-4.455391624892030000e-01
2.529250149084147359e-01
3.026543218745888497e-01
6.376725055331859682e-02
2.367268552049182628e-01
-2.955396250939337777e-01
7.587063020885058684e-01
1.063699975969151001e+00
1.236414117197416618e-02
-5.121906322392326683e-01
-7.291383846548086245e-01
-9.048847486760213110e-01
-6.001686390002674010e-01
-6.228449239309380436e-01
4.419943779873116568e-02
3.334129081935965216e-02
2.398661407236569731e-01
1.469644244227645280e-01
1.192206470080306030e-01
-4.412635963884076196e-01
3.513603461158168462e-01
2.049106342864367158e-01
-2.002915144181284246e-01
4.043052059192849823e-01
-5.617547431404767977e-02
5.943572394771254874e-01
2.906735143526229664e-02
6.219637193156105637e-01
-3.010812429037910132e-01
-4.671081210236063264e-01
8.930902691091782697e-02
6.856803019049066694e-02
1.181247267605994716e-01
-2.053513772211397193e-01
-4.787133963880854104e-01
-9.186005862790010135e-02
3.537393376401969936e-01
4.406795347920039463e-01
7.463058664981845336e-01
7.231565548134513133e-01
4.195948715771619097e-01
7.582205415622346178e-01
7.724119313142565613e-01
1.117389740899908723e+00
6.871978619049124992e-01
7.905874434094817271e-01
-6.951579172535564677e-01
1.673102979692775993e-01
-5.551265771651771042e-01
-8.276344777014627008e-02
3.589822928541396285e-01
5.519351539566021980e-01
-1.007679008065978099e-01
-6.273894310255320184e-01
-1.548321551129482332e+00
-6.266640130437005629e-01
6.748820141509745407e-02
-5.276077164180194290e-02
2.078228910482054770e-01
4.114775585203765962e-01
-1.575423150409812068e-01
-2.210488841925597192e-01
1.867923162131930603e-02
2.824945950080963164e-01
-1.479287497542708385e-01
4.697175773911613228e-01
2.990681989998465462e-01
1.051012146131905300e+00
1.036103380687247943e+00
1.030851660114107116e+00
1.056236522759415708e+00
-1.204825208762880934e-01
-3.427487159043440812e-01
-3.268090670880480775e-01
-3.834039579100441408e-02
-2.256659528329807152e-01
3.377265035963992745e-01
6.476649754531764724e-01
9.979445487490198330e-01
1.142385679194261927e+00
1.139183244308023424e+00
1.143786918739953640e+00
5.337217553132366232e-01
1.020384503001352527e+00
9.754196001055603915e-01
7.817879407016570248e-01
5.640819196021368276e-01
5.819473990961628873e-01
3.447566811222200767e-01
3.919697167274785454e-01
6.260690439291985987e-01
-3.755946397902536482e-01
-9.364855926404783149e-02
2.287745998415377235e-01
-4.551395524311731000e-01
-3.731568088543519846e-01
-4.740662641727758086e-01
-2.318605048174298411e-01
-7.623942461708912433e-01
-2.003841166499751580e-01
-4.120151247899920058e-03
2.494794002643111464e-01
2.586189023044579982e-01
-2.193800645314876174e-01
-1.250654235655843105e-01
1.287463329026151959e-01
-3.212768880227169777e-01
-1.205580512891882172e+00
-1.591067576722834831e+00
-9.821714500656280045e-01
-8.013600353315661895e-01
-3.367991439983992752e-01
-2.812188101008645247e-01
-4.371272919523579992e-01
-4.714266576717648372e-01
-5.499800695790316718e-01
-3.563890205513529086e-01
-5.064053366472898859e-02
1.435642851854085078e-01
4.034189614551225156e-01
-2.579775218757144467e-02
-3.035624613121110787e-02
-4.612036294160882371e-02
-2.923795783945853377e-01
-1.824525296786753403e-01
-5.535615640194658793e-01
4.084100751783936722e-01
5.941513026773530548e-01
5.128533546507585417e-01
6.024464490234071601e-01
5.872529463706986919e-01
2.869945351147362711e-01
5.209623454803633535e-01
4.317930102742001397e-01
6.826483176932525154e-01
8.169225917581313112e-01
5.076237219640210574e-01
5.003399132684354100e-01
5.616449972629863341e-01
3.891826969657073421e-01
-2.748578385183245709e-01
-2.938570081220859276e-01
3.720996738568432133e-02
-3.765698678437047753e-01
-1.218268767775784744e-01
-6.846293776743052339e-02
-1.425798702939155449e+00
-1.420236106780016883e+00
-2.068599248343677921e+00
-2.249783796441360284e+00
-2.196614656045351666e+00
-2.716417011809559856e+00
-1.967981009307087081e+00
-6.256161662029804393e-01
8.408301373449378335e-02
2.417598576017840339e-01
4.046819904887515862e-01
2.802392157985328924e-01
3.971800898414847847e-01
6.284463224384112534e-01
7.253871199842786277e-01
5.192630152674577726e-01
2.951504360004343352e-01
3.481044393941274961e-01
8.343924782143427588e-02
3.232296476425783882e-01
-1.434223750524089569e-01
-8.645934690539754108e-02
3.583429475433020928e-01
3.543226245849803169e-01
2.352205868560339197e-01
-5.677353459497551658e-01
-1.873697237060046872e-01
-6.936936776052128606e-02
4.533670880145990179e-01
4.645170011529564658e-01
4.953901389582841541e-01
6.402342765046286077e-01
5.105840414282006856e-01
3.662210873265602795e-01
6.059098209811323299e-01
5.476384038988630909e-01
1.094478767621178822e-01
1.172658203822134031e-02
2.700688187493209269e-01
-4.750338933373456918e-01
4.480575369979493405e-02
-2.909010275189673478e-01
-2.237660796962021373e-02
-6.205639378460903188e-01
-3.314146611134270448e-01
-3.405168780456018784e-01
-7.244452440751653066e-01
-3.819012261833006905e-01
-1.340639078470774459e+00
-1.867177950834954414e+00
-1.331507530691919516e+00
-1.769357635525999894e+00
-1.446732454653432587e+00
-1.449105814223981881e+00
-2.399078137134243782e+00
-2.511664135716098478e+00
-2.558765364791602881e+00
-2.958953204960057093e+00
-1.725888226485075005e+00
-7.079202451831123621e-01
2.340851909506747389e-02
-1.360026689406825806e+00
-4.689807427144896956e-01
-1.431788970530464278e+00
-1.764358736538805594e+00
-7.350931526517658909e-01
-2.171839999053015280e+00
-1.470947360693955375e+00
-6.744510491646190653e-01
1.273958319515320348e-01
-3.472985376236177313e-01
-7.359807572286521937e-01
-5.770204195205651532e-01
-1.302981862844536431e+00
-1.270723576869475124e+00
-9.894977605129514631e-01
-6.654068900118067509e-01
-8.177760686287287584e-01
-3.204268681284592191e-01
9.499926011571056296e-04
-2.899180683515521079e-02
-1.318534463734616080e-01
2.168051882076941772e-01
5.310210014617129382e-01
6.200502685390273383e-01
1.976796761931204072e-01
1.149422623475348376e-01
-1.311625509558856165e-02
-9.285949229784876136e-02
6.504962438906874977e-02
-2.990287891464686945e-02
-1.647717603457178326e+00
-1.840006648786410626e+00
-8.608763309807551112e-01
-1.672068941504912531e-01
-4.148512213073396460e-01
-2.452674571396060155e-01
3.611812236569021950e-01
3.469418185599499327e-01
4.120860021795857420e-01
5.434397953535068382e-01
4.575765288088837202e-01
-6.826665066372260560e-01
-1.321909306815617136e+00
-2.128299692076373317e-01
1.716134650868596789e-01
-9.110416289477021312e-01
-8.031085509485360596e-01
-1.103677319026670434e+00
-1.985165993845466215e+00
-1.988940054011288705e+00
-1.234167194177209659e+00
-1.278925062024657500e+00
-1.110515326985152873e+00
-8.057478838811245048e-01
-4.659513430324663252e-01
-8.885112144859325101e-02
2.749352963638026504e-01
-3.831395916155103110e-01
-6.057952659411115492e-01
-1.161991803182480743e+00
-6.424879683065441993e-01
-1.037159862373685515e+00
1.014682214787169384e-01
1.948155277165031576e-02
-6.234844802643147998e-01
2.071730873754130398e-01
-1.061444698234793371e+00
-1.238147657038138894e-01
3.894438900526824843e-01
-9.013441964166934994e-01
-9.254927145207055839e-01
-5.119511977040083206e-01
-1.000187336410522376e-01
-5.943250774840751482e-01
-1.595167298874635264e+00
-9.364116071281103348e-01
-4.544439681655802477e-01
-5.809729550505132734e-01
-7.268074308600357414e-01
-1.971972541232127341e-01
-1.444461336779204075e+00
-1.797300606992936256e+00
-2.491314918911634368e+00
-5.689948995913445273e-01
-3.254963947469325519e-02
3.838088809934993573e-01
7.934738299150277951e-01
1.208727420050446089e-01
-1.072824238182564782e+00
-2.161296082433457055e+00
-2.324317392648239000e+00
-2.940206748084142951e+00
-1.522593600962278027e+00
-1.345121080901015453e+00
-1.097386207374727363e+00
-1.360638786155203617e+00
-9.587316678282564730e-01
-1.652820188176559624e+00
-1.039879552508134131e+00
-1.825711663431421883e+00
-1.391179595758343712e+00
-2.068129221096041137e-01
2.184318983266322622e-01
2.510850186886223398e-02
-2.650580351809688207e-01
1.558015798510000716e-01
-7.610048812460339374e-01
-2.524225571188666306e-01
-2.154484992485278250e-01
-6.264643501083405619e-01
-1.058088593411439460e+00
-1.301179870001609284e+00
-2.461465511977299236e+00
-2.257609403912999912e+00
-2.298299442801885029e+00
-2.346048600680634699e+00
-1.895272249670120202e+00
-1.150671764910328188e+00
-8.790587615449065861e-01
-5.080198420023249728e-01
-8.978421758483539072e-01
-5.974145752067080428e-01
-4.578711421892615180e-02
1.570372400143577596e-01
-9.483520423724571824e-01
-1.325424458066589706e+00
-1.689093219987560790e+00
-1.974655051561851504e+00
-9.973887797646660003e-01
-1.310183138365046629e+00
-1.823830249498577416e+00
-1.451088073913773702e+00
-1.868670589677146943e+00
-2.209135470348033703e+00
-2.062922455248684450e+00
-1.714434405062287725e+00
-1.300869522786185728e+00
-1.668606406597744396e+00
-2.200798748993737064e+00
-1.927146773883251951e+00
-1.202183919819811209e+00
-8.451273012821307606e-01
-5.769669776310905052e-01
-8.621472721698533181e-01
-1.710687723392096959e+00
-4.002025995158834948e-01
-2.745125137464268228e-01
-1.073691330113097087e-01
2.436012990020189686e-02
-1.884014242954465124e-01
2.143931414968301419e-01
6.266837634186094297e-01
-7.382741252415971067e-02
4.221567526692598937e-01
7.952842452387507421e-01
6.771321553320273079e-01
1.088212137096369769e+00
1.266288561506455856e+00
1.207525346769150243e+00
8.084227898148285130e-01
8.635725580779385346e-01
-2.614191748297193807e-01
3.774563266316912635e-01
-4.479241849176897050e-01
5.083198075270168870e-01
-1.568677482364101983e-01
1.160049565058486887e-01
4.133324017342016043e-01
8.211505474182380082e-01
6.063045209452753159e-01
1.473631287868954476e-01
-4.906563037972266894e-02
-8.513757890866113787e-01
-2.502329152979271831e-01
5.159439354783118548e-01
1.934124040672553606e-03
3.193862086536401468e-01
-9.229395858732901414e-02
3.472299115776638079e-01
7.313264573439226535e-01
7.219817221696758214e-01
6.386134413824652301e-01
7.715777163327233179e-01
6.849202862664872660e-01
7.345067350554135288e-01
4.397714116750278679e-01
7.691851301780067152e-01
7.671403525531574896e-01
6.345017516043454098e-01
-7.029487250549089072e-01
-1.211726364788309640e+00
-1.713016969180359617e+00
-6.152419011969617602e-01
-8.728049353216917883e-01
-4.167364179368140964e-01
3.664766112597666603e-01
4.090533008026462913e-01
4.247531008464860425e-01
5.477727656831298253e-01
3.385862456105427354e-01
1.130123761789334047e+00
9.895402607110126425e-01
5.043773797572734807e-01
1.117878959347550438e+00
6.417274303617128695e-01
6.679521766781966186e-01
8.362120801012040694e-01
1.232458679512661526e+00
9.165914808324937546e-01
5.093713893697493500e-01
7.535796806259091873e-01
-4.026452953292719017e-01
2.401039944108806223e-01
5.622643999387125779e-01
7.116806416282666081e-01
4.937761364935098762e-01
5.287095050167612831e-01
3.559738959800772817e-01
3.822800037427068198e-01
3.501521196957125825e-01
4.862754073675784050e-01
2.947046401526490222e-01
8.723408557609056979e-01
1.029716036723190786e+00
-1.984205948359281935e-01
5.594094629314626532e-01
-1.101960030451983652e+00
-2.622903992934410566e-01
4.784154007398920272e-01
8.053540259999296680e-01
7.639653538781628894e-01
1.069365894371296699e+00
9.114019235000933028e-01
8.410767271001880208e-02
4.831891831039384910e-01
1.183430398288966900e+00
1.199505206420805381e+00
8.068264280403141253e-01
-8.917776651368643226e-02
-7.683123803941885877e-01
-1.848838051752017542e+00
-2.191993182155323794e+00
-3.864124101842754677e-01
7.040806863624656797e-01
7.291142037785732777e-01
-9.088385383748314172e-01
-2.193011148998290860e+00
-1.934359466460040311e+00
-8.264199588709857380e-01
-7.177558060923521221e-01
-6.166593682888019679e-01
-4.693157812056319989e-01
-6.354371587042260128e-01
-3.208267760856011175e-01
3.057332874109580101e-01
1.488085111698636831e-01
3.374740569656567435e-01
3.381892429010548429e-01
3.315350008783884972e-01
6.130835521276521982e-01
3.403405287104684929e-01
6.027590512568100634e-01
9.309625974190827158e-01
8.975247138857622708e-01
9.007525756152392482e-01
1.127782401400750700e+00
1.205179749772447462e+00
1.155100045229476180e+00
-1.495998029851473565e-01
-7.835015122925372000e-02
1.324407805818456629e-01
-1.377585886432072471e+00
-1.970747712669815854e+00
-2.821539300072880785e+00
-3.218777603839404478e+00
-1.055411776156350845e+00
1.683005601949505436e-02
5.572543488654412291e-01
6.230284798881504660e-01
7.296564320749151511e-01
7.388052125430238926e-01
7.502273154107214070e-01
7.325345311146290728e-01
6.619628102140353576e-01
7.281513695819933352e-01
6.684165062565832205e-01
1.132786243387859937e-01
-3.330299488935944408e-01
-1.331393194721771867e+00
-1.859404783130291117e+00
-2.155132180308549472e+00
-2.040554892075792992e+00
-1.241101740282992472e+00
-1.072058659957055626e+00
-9.573963208289604232e-01
-1.967335243817405654e+00
-1.049984690317924851e+00
-1.901653664997726700e-01
1.113564640241771903e-01
7.620940994439376892e-01
4.382882816610450538e-01
1.206873781228137016e-01
8.307998994225043732e-02
-1.009769360567427249e-01
-1.925555515284825270e-01
-3.121073454007144282e-02
3.500011801964730274e-01
4.044264170082518262e-01
4.600438029591550904e-01
-1.721803273145717725e-02
-7.078052382725629199e-01
5.119117226677176724e-01
7.160467492116383559e-01
9.919808745690260610e-01
1.173265016773288760e+00
1.358680200225503620e+00
1.324285001843061194e+00
1.325010219518177657e+00
1.212881110021888587e+00
1.471513197736379341e+00
1.363342759368249890e+00
1.438790382829441716e+00
1.399458719919316474e+00
1.552702052707546354e+00
1.365763844646265435e+00
1.461382101090662911e+00
1.546340647728034812e+00
1.731509579041494051e+00
1.553804815298587938e+00
1.605397809456898806e+00
1.625215452339324740e+00
1.655653528811851016e+00
1.191460909515443145e+00
1.683251385737730477e+00
1.506827834424087964e+00
1.389244709322921878e+00
1.419213875310341155e+00
1.389708452167951469e+00
1.521469946164027753e+00
1.596696210694851237e+00
1.677390625133042823e+00
1.502054834413774076e+00
1.832308332271693763e+00
1.459714343512470203e+00
1.078251497097189482e+00
-2.210702366594589074e-01
-1.891269694933626955e+00
-2.372039252565353085e+00
-2.001732618236669037e+00
-2.750054287809515330e+00
8.704210639669837657e-02
6.886609221786226254e-01
6.994459396020273889e-01
2.922294650200720767e-01
6.374804396714894850e-01
7.488948830371016108e-01
7.194862583559940017e-01
7.896224804651372775e-01
1.288299654516454340e-01
1.426667403485661900e-01
-1.071856695887617866e-01
1.205929094460198026e-01
4.792478567054703209e-01
-3.385506657199385261e-01
-6.328677357338673426e-01
5.520006716908456429e-02
6.397975790305595600e-01
8.638893023430999074e-01
3.744851612487396508e-01
5.502127014419784246e-01
5.189744737922373785e-01
8.822821058214513901e-01
1.000168415858566195e+00
1.236249709804632113e+00
1.309552535800110107e+00
4.585667482782347371e-01
1.017294552238211081e+00
1.412628302499345567e+00
1.369952309207065788e+00
1.120948689827474976e+00
8.315676283099938670e-01
8.198872740045025642e-01
1.013814789059986676e+00
9.322716722812207646e-01
1.024651557395854784e+00
1.110603026011987016e+00
1.217278400539249850e+00
1.232513575324079902e+00
1.255331171437787718e+00
1.273878797894084203e+00
3.848762777073386210e-01
7.342364434019545971e-01
1.095367866800399659e+00
-1.518445527228698300e+00
-1.461590573934635540e+00
-1.272359024410841366e+00
-2.827989947258947034e-01
-9.641791290196074504e-01
1.915010682029152089e-01
3.777877672035300227e-01
1.950566699745750754e-01
9.044637581521208780e-01
8.685715030191781816e-01
1.131919619037354829e+00
1.402099726593188711e+00
1.435606002697799699e+00
1.050992575826180442e+00
6.209670181677428014e-01
5.043222151540909248e-01
-9.699365979244610747e-01
-1.566552497640088859e+00
-2.311740294592147027e+00
-2.085701009316832444e+00
-2.690365492637489600e-02
-2.059822975152461044e+00
-2.078405445982871136e+00
-6.785589254333133091e-01
-5.990968467630104488e-01
-1.744444420263417728e+00
-2.841897207982235329e+00
-1.994363961466722790e+00
-1.201940972654912176e+00
-6.777025090992087053e-01
-6.557580692508499509e-02
9.482083603784083325e-02
-2.616625377145233577e-01
-6.498744232936800591e-01
-8.520922867084428365e-01
-2.951265698277195926e-02
4.005963520617727425e-01
6.929588199924610059e-01
8.677265976870311981e-01
8.632600270851594759e-01
9.955615370950795517e-01
9.341786013985527992e-01
1.017027343440966236e+00
2.234582145323683600e-01
4.987539168871610307e-01
-3.959033221183488882e-01
3.093173344533539648e-01
4.249930396215320094e-01
2.338454467810120729e-01
5.157369097646199441e-01
8.940603253045402710e-01
8.827866081572723900e-01
2.572677419876232552e-01
1.040090254816977922e+00
7.860773055924732411e-01
7.874895837709880997e-01
1.364740456696348359e-01
2.332891793985757689e-01
1.542926631459110576e-01
1.409283312537691901e-01
5.937605154117987089e-02
-1.278756965339663765e+00
-9.999810045487994570e-01
-1.978537929773717563e+00
-2.345493781607829842e+00
-1.234721179354218101e+00
-7.901875432321819881e-01
-7.447858075679877343e-01
-2.376339484709750760e+00
-8.135188988188197801e-01
-1.303623358403345645e+00
-2.413053797412712420e+00
-4.455756592701453633e-01
-2.193853034353389075e-01
-4.816057447564925376e-01
-4.269359364114982403e-01
-1.101157627419072860e+00
-1.018376652935900406e+00
2.632885911913531232e-02
-1.083063522157609260e+00
-1.462507670105999136e+00
-2.227834163724525585e+00
-1.523110112720153397e+00
-1.788537186374361543e+00
-5.152408471522368361e-01
-2.733546387696209834e+00
-9.940326073438282561e-01
-1.917613065852556975e+00
-1.749119888171651649e+00
-7.692332260965686896e-02
9.496014402551078426e-01
1.195677055405556688e+00
1.288877146817942076e+00
1.112177489477941705e+00
7.124254071910723907e-01
-4.265520967667218444e-01
-1.243178218436877591e+00
-6.394976637735840796e-01
2.578761660524420130e-01
7.415264279048278118e-01
7.143267693451810230e-01
-1.421117701310681269e+00
-4.037214183453227134e-01
4.189472258892716350e-01
5.770453209534007755e-01
9.674145441699409931e-01
9.745468809793544906e-01
1.003849596321666260e+00
1.187073609880792802e+00
8.107472380352286345e-01
1.168414036729321426e+00
9.525159568256179599e-01
8.361940383731683024e-01
7.846027487332032369e-01
7.870623546515967961e-01
-6.590458559137856165e-01
-2.777602526972338670e-01
4.147109169760542779e-01
1.022840201821627382e+00
2.902154800961693759e-01
-6.378067399503914991e-01
-2.859664223368080904e+00
-1.052944454215547276e+00
-1.396991074916360542e-01
-7.057647203169230554e-01
7.418787275357691113e-01
8.914234072877813553e-01
6.623926347422146588e-01
-8.501453215690962795e-02
-1.457700104760586979e-01
-1.593321433293707901e-01
-7.129733314000675781e-01
1.012963708528908380e-01
6.874251261508041999e-01
7.567859105070021686e-01
3.064871694113346368e-01
5.042104904976464352e-01
6.563805062707405158e-01
6.635943199652104552e-01
3.306967449138113468e-01
-8.555844915907514503e-01
-4.569496175168223373e-01
-1.509023854898959627e+00
-2.241808989445882361e+00
-2.588322878297886209e+00
-7.229119053500929759e-01
-2.301848767300891385e+00
-3.808296324781560993e-01
4.137069613329174556e-01
8.539384476925254708e-01
6.796891304261831745e-01
3.593148795194073264e-01
5.872031339693177809e-01
-2.390571257812833805e-01
5.045927041603737173e-01
7.160341581742796224e-01
2.698193357515903945e-01
-1.175588861276460229e+00
-5.335803606724087711e-01
1.416566196563754168e-02
-1.760565593715709698e-01
-2.555774072024569854e+00
-6.866756076252226171e-01
-1.563840728971373828e+00
-4.084947394470336279e-01
4.374291233497339948e-01
1.145443332389592728e+00
1.050514389133228477e+00
7.691602543161595307e-01
-1.173451676532450305e+00
-5.207791640793072441e-01
4.728578234237837408e-01
-1.339343822635055345e-02
-2.025017516878486301e+00
-2.852806304605958743e-01
-4.747174987094692766e-01
-1.119378883264009916e+00
2.225818533626218176e-01
2.443761912798414204e-01
-1.925355573597257619e+00
-1.709487668307351660e+00
-2.790198479493148032e+00
-2.219502197016478107e+00
-8.487705669859149094e-01
-1.056406767076088382e+00
-6.660326089728798582e-01
-5.383182476657728532e-01
-5.327888671659780639e-01
-4.087908263876622872e-01
-4.130208177356165522e-01
-1.005036067569944624e-01
-5.659644303607294091e-01
2.151528712597055859e-01
9.223630358398912654e-02
4.380104517819219390e-01
4.275118685718677369e-01
1.177701065141464054e-01
-4.669740711619466134e-01
-3.730268394458872983e-02
-4.495363666694353055e-01
-1.399529535313946749e+00
-2.855921415032198762e-01
-4.963542040427000313e-01
-5.714387254075008471e-01
-1.645792948735543548e-01
-8.238230004285728159e-01
-4.828672100516362420e-01
2.751436733299561857e-02
6.837306912030731709e-01
8.041555769872482662e-01
7.816756692878877866e-01
6.707982608369043032e-01
8.610674643485457525e-01
1.257588431406809759e-01
-1.668477360365361040e-01
-6.818983838691775046e-02
-3.954804118950988046e-01
-2.872305409799960629e-01
7.075218819098338940e-02
2.427089772155647807e-01
6.938522960708337628e-02
-4.598347464511229332e-01
-4.244335152678905820e-01
-1.629876011076426101e+00
-2.750619324366121443e+00
-2.674776099995713086e+00
-2.691757299851760710e+00
-2.505688540988770807e+00
