3.492912581732335875e-01
2.345697007843315640e-01
-2.094969372994421458e-02
1.594839276291438179e-01
3.732317997942938836e-01
2.465904528227285952e-01
-1.093480074552562187e-01
1.386745492883438846e-01
-1.490095793708352996e-02
2.846495515046554292e-01
-5.786890080232038880e-01
-6.350629591975638366e-01
-3.632268073576709888e-01
9.162435033549815033e-02
-1.413767969200047103e-01
9.625349459105755900e-02
2.681121900247321332e-01
3.669304650092505282e-01
3.268797605104992177e-01
6.515497013810744864e-01
6.495223806717851378e-01
5.869736355425153596e-01
8.194252340788077404e-01
8.278179218317069932e-01
8.715690955712172006e-01
7.650177265288273798e-01
8.599704145030765412e-01
5.336684219523397665e-01
3.950653187222818996e-01
2.832582494309805465e-01
2.559259939019961627e-01
6.110612873950159729e-01
4.566757066359322104e-01
5.452717774774235027e-01
5.019355424687887979e-01
2.603096543506353555e-01
5.661304303089500500e-01
4.364120173848888840e-01
4.092659304104629969e-01
5.776143057570195527e-01
6.613549398997193851e-01
9.003153163690775784e-01
7.249089086239053348e-01
3.739341147423856926e-01
3.539682309533073168e-01
8.977269669086010428e-02
4.118549148047656594e-01
5.811733020569016528e-01
6.276035277401810220e-01
4.912996465545526603e-01
2.817836046441533071e-01
2.214262098705609971e-01
-5.807084941543437517e-02
3.519592492176505383e-01
9.430345782277173294e-02
3.168099613853767593e-01
3.092907642597444440e-01
1.212320203377840189e-01
7.201312847035430398e-01
6.437938749264262572e-01
7.030952497455956740e-01
1.264798404702233148e-01
4.287053685442010313e-03
3.292158616273661159e-02
2.548259901238022485e-01
-8.564144518493385649e-02
3.656375576549398404e-02
-2.788353342137583901e-01
-5.417205112527622157e-01
-3.977050684739339981e-01
-2.511792424745974694e-02
-4.015728288762311915e-01
1.542204603378013149e-02
-7.114917741580383155e-03
4.965622169159947807e-01
-1.607152504430116591e-01
1.932005872584485751e-01
5.240096428033252929e-01
7.398805710131439728e-01
5.781291019753490579e-01
6.209750241982741059e-01
8.166555169964390126e-01
7.995024268001202916e-01
4.646077255063328915e-01
7.979085043880824735e-01
9.565217075677598935e-01
1.048416406951353075e+00
1.007017905006540426e+00
1.020401549439754030e+00
1.111393085092157396e+00
1.128976663428970628e+00
1.008655229974161571e+00
7.644763354773911335e-01
8.866270715844717376e-01
2.523338594858017259e-01
3.818669686908666705e-01
5.169145200783251681e-01
6.741624468406539616e-01
7.076456956481546046e-01
6.184296135390008331e-01
7.291596188262252642e-01
6.916192732481329930e-01
8.370934889770105247e-01
6.220850132253968878e-01
6.979956366363644360e-01
1.021520203793083281e+00
1.178339250393692028e+00
1.148129285635934416e+00
1.112577788356313491e+00
9.282314785991883088e-01
9.110577085530464636e-01
8.068632139111610035e-01
1.064089754001509291e+00
-4.747208111273234360e-02
-3.374122108257313624e-01
-3.980411575100554211e-01
-3.018637463361608653e-01
-2.478165949194090223e-01
-1.003126244161089281e-01
1.396042025098729877e-01
2.392483251586036419e-01
-1.749850016890163590e-03
-2.524251038850053863e-01
2.399668483554523446e-01
1.713013902750586959e-01
2.660573008113377158e-01
4.593767548218203878e-01
6.454773440085980196e-01
8.261128897965867024e-01
4.883785186803515366e-01
9.351779080660342913e-01
1.213997772654261009e+00
1.244924124287569489e+00
1.197810907464107011e+00
1.225929359750139280e+00
1.328908543654651053e+00
9.241108699908571200e-01
8.097315799239812595e-01
1.248620287187289790e+00
8.197551460027696635e-01
9.521914785427014749e-01
-1.036692521088636409e+00
-1.232314214679298914e+00
2.998871590814615740e-01
7.970271631852902106e-01
-1.169158846637434301e+00
5.871199954882504457e-01
2.972411393190603768e-01
8.041454894797082087e-01
-2.101867654693814202e+00
-2.597465847879564471e+00
-1.414558555549852992e+00
-9.500605436507928436e-01
-1.981907830049423502e+00
-1.775374816281399815e+00
-2.566534526348882572e+00
-2.102878162178062560e+00
-1.942678811016584239e+00
-1.708795972485888770e+00
-2.345270535190822514e+00
-3.292245411926690402e+00
-1.921783956752991074e+00
-6.142438599632793483e-01
-4.592275448795343773e-02
-1.180706782031610280e-01
2.527900545796318288e-01
7.000203801574960139e-01
5.444146727585685852e-01
8.220327651635824795e-01
9.217826259367672970e-01
1.081557268679138373e+00
9.236383190101824514e-01
4.142442332408665107e-01
1.077018382713985867e+00
1.201309785213402259e+00
1.061629239222205090e+00
1.054020184361452506e+00
1.330324306866118134e+00
7.092243961403255081e-01
1.111422562513417978e+00
7.273062096197269177e-01
1.126681710472436926e+00
1.120063482223892182e+00
1.020550568454212381e-01
7.402196360862697277e-01
8.579849732459665645e-01
9.324570251573947033e-01
2.490055260195470632e-01
7.274460828405227009e-01
5.200952663124180919e-01
6.779080448435101935e-01
9.774385485034086107e-01
8.432914297404445758e-01
5.295157595365393988e-01
6.568527890056826690e-01
2.939762195033264192e-01
1.382248818649327582e-01
2.458065261721022188e-01
-8.162227285895393702e-01
7.628473268644966887e-02
-2.563537982589581543e-01
1.729331203998655808e-01
2.966052772453032782e-01
-3.122391366321332629e-01
-4.643508386366498875e-01
9.441798775775150920e-02
-3.093296320893388907e-01
-9.944127755795982571e-02
-5.263518793992727485e-01
-1.006619540003660385e+00
-2.649984848869727294e+00
-1.247610718926819073e+00
-2.911407467713276742e-01
8.596954740342133139e-02
-1.151344964060851128e-01
3.528666224297459797e-01
4.083323533355213142e-01
4.626675376816740126e-01
5.232147866727867580e-01
4.840016592006585183e-01
7.078470498024587165e-01
8.688182583781618451e-01
-1.457799639847640605e-01
-2.260219606137533699e+00
-6.561267911869445024e-01
5.016531604365488395e-01
3.536875323885784739e-01
9.354340406088863524e-01
6.296375091856074580e-01
1.591452731722156899e-01
-5.126795681022452977e-02
-1.039488610728905860e+00
-2.054305210092136846e+00
-1.740761732482436708e+00
-8.678795081874510764e-01
-5.496359263903106696e-01
-5.814709484338662637e-01
4.350303859919091992e-02
2.081146371366971587e-02
1.132663528688509225e-01
4.288683272333690955e-01
4.994529406463944499e-01
-7.631351449755244820e-01
-2.026715418780567823e+00
-1.871313953612034897e+00
-1.223007910924685859e+00
-9.219382990970304004e-01
-4.586495995473497955e-01
-6.698616658836062943e-01
-1.628696892051712530e-01
4.177449323804848791e-01
7.711414878979929721e-01
2.363916638743268073e-01
3.696256459892802715e-01
-8.520042066350675958e-01
-2.209727559570241751e-02
3.870179568841465301e-01
6.020664677906528706e-01
-4.111681500491877195e-01
2.104325160881304058e-01
2.210633978744124817e-01
4.201899935229491678e-01
8.095717551732098949e-01
3.326788922454109176e-01
-5.150457285376629224e-02
1.045017332496256834e+00
1.121334563123295602e+00
6.147592872949423359e-01
5.226772996964889062e-01
-2.363164608493363017e-01
4.664246189555133482e-01
-2.047081539046599896e-01
3.431511006773813044e-02
-7.386584990852218535e-02
-1.751562893861547399e-01
-5.621389950906068300e-01
8.457220391601272258e-02
-5.912509334261530913e-01
-7.651933178744338981e-01
-9.739449914434321620e-01
-4.522656535087070662e-01
-8.706583482176921684e-01
-7.515647288718343422e-01
-9.426516128246498205e-01
-6.162188603641833851e-01
-9.752790177153235485e-01
-4.279337611855112411e-01
-3.593440696854357901e-03
1.912844148411826928e-01
-1.251313606418243074e+00
-3.924104746850530789e-01
-6.085462396634762072e-01
1.380942953024768827e-01
6.014661207128964016e-01
1.589436128564881145e-01
3.260508549635786624e-01
3.018903143897526120e-01
7.596357065101372319e-01
7.794419661911133890e-01
8.283943263070390195e-01
5.094161864273563101e-01
7.389113952508837846e-01
7.609235861158793190e-02
-7.190851355325365013e-01
-1.568659281800701022e+00
-2.380863863694399285e+00
-1.222519543554102528e+00
-2.508043970864069827e+00
-2.963503277027760285e-01
-2.502575659045656487e+00
-1.502134005804318884e+00
-3.142669798898030109e-01
-4.854073383947937748e-01
-1.741767455535049580e-01
2.767258469756155304e-01
2.336373967169504129e-01
4.762651435405148570e-01
5.881058710865521011e-01
5.091121094433652683e-01
3.515344720478172924e-01
2.524661347866716254e-01
4.133904619795004676e-01
6.783044508320080768e-01
8.945092684186292109e-01
1.237264329668629870e+00
3.825054130484559778e-01
-2.209625811467696543e+00
-4.294610123052548523e-01
1.327380548190960352e-01
-2.520348276416862543e+00
-1.492921619325408289e-01
2.308061335253504265e-01
2.385671371318920375e-01
1.622465383350605861e-01
-2.448625161823339003e-01
-3.463353622175400770e-01
4.651250789615330589e-02
3.521004723098393185e-01
4.607050526460754192e-01
2.905583949657537524e-01
2.141640053268282218e-01
7.358492882298814375e-02
6.305370451863361314e-01
8.487693700675844610e-01
4.637071125307592467e-01
7.695816205388265052e-01
8.325965607499907772e-01
4.916341633387282251e-01
4.871315435869563726e-01
3.265776025730811050e-01
3.804857732499755674e-01
3.171444339794050882e-02
3.754430286017192975e-01
6.707596247544451717e-01
-6.477894011401733598e-01
-4.698916591267849885e-01
1.681279024776371200e-01
-5.236558128744528418e-01
-1.499144318924454655e-01
9.876712493726323983e-01
1.141276473222009535e+00
-3.207164148835218720e-01
2.368942568528715209e-01
6.365341950751970401e-01
3.526494722748486632e-01
8.902809752849358826e-01
8.186013847349147277e-01
4.795791405088402071e-01
3.936533016506625626e-02
7.777661664329023061e-01
1.674906586527191266e+00
3.850877758846412702e-01
6.314626140292499690e-01
7.893736790992817998e-01
8.461242840390038600e-01
9.966383711635931064e-01
7.626181347840517155e-01
1.089758766310318983e+00
8.470713909363216665e-01
2.498173157683854506e-01
-2.216579766150261199e-01
3.023654450836011920e-01
6.170963593723092222e-01
7.660566705672768872e-01
7.337167493097074278e-01
2.721994586292059148e-01
6.584263423150962247e-01
1.037851788877227399e+00
7.190430215262424429e-01
8.136992043409692066e-01
7.650679199623200422e-01
4.244679285220042120e-01
6.590142300220777072e-01
5.362684630122553919e-01
7.027445715012419214e-01
-2.637492104041995189e-01
2.653661526365311274e-01
6.704623675452258125e-01
6.901831575574171040e-01
4.804513207270699193e-01
2.860598937043367165e-02
-7.059953198900682514e-01
-1.742995118931807697e-01
2.913814641796914628e-01
6.424451838572933227e-01
-1.949042221675565401e-01
8.426937898633471424e-02
2.088631330294448210e-02
-3.384861110266019768e-01
-1.803583182048037692e+00
-1.508959916254660527e+00
-4.749010089341271779e-01
2.672070460924975618e-03
3.194992224750384802e-01
-4.893272416495154931e-02
-6.114955952521801130e-01
-4.817235052231469417e-01
-1.532416144168656236e-01
-2.840684163616242763e-01
-1.847731235045890985e+00
-3.705991902906553559e-01
2.062790125699627275e-01
1.180851263831366599e-01
-1.238684032353167819e+00
-1.219913234710204186e+00
-1.328393018071826415e+00
-9.387676276246371687e-01
-5.728289125910250856e-01
-9.616805812039715962e-01
-1.719280322243011749e+00
-2.119513391996989071e+00
-2.351878982524512551e+00
-1.763200029298586990e+00
-7.471973647776539718e-01
-3.983310776594731761e-01
-9.979662647660654529e-02
-3.241481668286524398e-01
-3.875829364705783431e-01
-1.161753041285684018e+00
-6.954219864061739198e-01
-6.509335551252121155e-02
-7.857221438475797681e-01
-6.548539780014106526e-01
-2.685488505919360058e-01
5.460770995954523921e-02
5.000325485497951750e-01
2.433923087854977241e-01
-6.040389531192901229e-01
-1.124065252040096496e-01
4.012146417526469833e-01
7.331482948636942609e-01
6.937704786930265488e-01
6.933591297956549493e-01
6.245792071251852207e-01
6.721934254269359421e-01
7.350509498253064988e-01
3.938307230292708572e-01
6.378947815619308015e-01
4.559278797891790358e-01
2.607521343996447305e-01
-1.201849303055285034e+00
-2.066724931725985925e+00
-1.314936688811207066e+00
-1.398865778795529202e+00
-1.717219169359061937e+00
-9.191962307626364570e-01
-1.033949262077375197e-01
-7.240155917271362540e-01
-4.880048152597827871e-01
-5.695567312775668967e-01
-5.218490724653004342e-01
-2.217382682293945972e+00
-1.313209091596707623e+00
-6.135107923186271517e-01
-1.112859660830406716e-01
-2.549643574960224202e-01
-1.598534825914768254e+00
-1.434675078586005181e+00
-1.349500615579731333e+00
-2.068140874440217214e+00
-2.156903432950221688e+00
-1.519878097106182047e+00
-2.358437899771785418e+00
-2.606544840388971274e+00
-1.177705681760666812e+00
1.345935395084315034e-01
2.622155356500787127e-01
2.847859304738921751e-02
-2.123169445207885864e-01
2.719846584237958220e-01
-2.610012115776421115e-01
3.673172576359996777e-03
5.224804692958067154e-01
5.749832239721945903e-01
4.968711887426615070e-01
7.150567782759176261e-01
4.344058725042686531e-01
6.725075156481015171e-01
5.715294800577027656e-01
4.890760220311366480e-01
5.451180185919682897e-01
9.007561696765317705e-02
-1.735238640355497797e+00
-9.350959085744844357e-01
-5.287822304866995893e-01
-1.337694169261058885e-01
-5.334157977018284813e-02
-1.228321171617493324e+00
-8.006720993886116133e-01
3.301122204476070743e-01
-3.003877514471359200e-01
5.312382498595527025e-01
8.367744367509741821e-01
-3.521192711132029585e-01
6.656195402812301598e-01
7.449628155870946511e-01
1.022154190075201807e+00
1.185468456017525263e+00
9.957537402283229699e-01
1.052701763873248986e+00
8.073004495680802250e-01
8.486957721202130767e-01
5.010629386085665438e-01
-3.422459222647198374e-01
-1.816487617367595897e+00
-1.012071690829042581e+00
1.653353745235495720e-01
7.300727405266319581e-01
-1.682335061851723212e+00
-7.141866965541058265e-01
-4.668594550907891882e-01
1.920757804761222820e-01
4.388623282342764553e-01
3.724827510239150374e-01
-1.850065307752394528e+00
-2.351868644944197229e+00
-4.107558290712197135e-01
-1.760546353334150105e+00
-1.164084863062327058e+00
-1.939800861990378600e+00
-2.966532059242831476e+00
-9.232628590087197384e-01
-4.757704810513785354e-01
-9.501129752541961349e-01
-9.501462442739920522e-02
5.049435800758783621e-01
5.148807118914043857e-01
-3.971312187506635671e-02
3.932253069230764453e-01
5.673163311821880495e-01
-1.278669025763216283e+00
-3.517300769527604842e-01
-7.671008546519567095e-02
-2.384703788923031309e-01
-6.022380279982502138e-01
-2.119276938283087830e+00
-2.735268505724486765e+00
-2.010647960347780927e+00
-1.288429940385608985e+00
-8.104479235459820519e-01
-2.663435762334983026e-01
-4.801882110844333806e-01
-2.183401444039808403e+00
-1.292514062927812901e+00
-2.671789865430291289e-01
-3.974704091030391295e-02
2.011852108607684320e-01
4.782172121607006776e-01
-1.622050039870630012e-01
-9.077445393374751204e-01
-8.522653576513120610e-01
2.634216965247632158e-01
6.523123839517717126e-01
3.319129848716519393e-01
4.900011516178700566e-01
-7.893923775169484069e-02
3.206906253955891239e-01
1.078348846545086892e-01
2.084483976767629032e-01
-1.052935593734636993e-01
-4.177055453138290853e-01
-1.637365407113407834e+00
-2.071058814060256825e+00
-2.938107833237960431e+00
-2.339721690749319016e+00
-1.230355696428372170e+00
-9.504014240715903394e-01
-1.846359734929188035e+00
-2.083001613046051581e+00
-1.127520771909639619e+00
-1.834948492382417529e+00
-2.338795869717126941e+00
-1.913107618872443627e+00
-2.324648552716877425e+00
-1.829755966616614549e+00
-1.302905524423205175e-01
-8.049220490574158227e-01
-4.247837812666863111e-01
-2.485084003131839969e-01
-8.848764194252226600e-01
2.705656865717560589e-01
-8.909070106930697119e-02
4.145801049410320349e-01
9.408847565004178071e-01
9.413951361301846621e-01
3.486656639309255734e-01
-2.186749881702623188e-01
-1.151637148774878217e+00
-3.524789556573703631e-01
5.914768776153959268e-02
3.104022896296985690e-01
1.493207115663425233e-01
-3.556460897633552665e-01
-1.128589824151648990e+00
-2.131412013252080850e+00
-9.628922186558656060e-01
-1.020537831522256633e+00
-1.009467117638714662e+00
-7.746818085174846935e-01
-1.471039598579999108e+00
-2.319219478305210913e+00
-2.926447746188532317e+00
-1.368574599964971217e+00
-8.741282599464851311e-01
-6.864439784253495436e-01
-1.888000942661475889e+00
-1.164037845277256622e+00
-2.236909292666152016e+00
-1.941860742153638686e+00
-2.136644642972381547e+00
-1.090665648475450666e+00
-1.305786921810785817e+00
-1.802199353107588387e+00
-1.689472387177660240e+00
-2.093551397712521744e+00
-7.801947931549053639e-01
-1.070217977696852063e-01
2.836932517002416221e-01
2.515092575906520689e-01
1.806889307407117395e-01
1.742601126203205397e-01
3.132617331708213992e-01
7.677068123521176013e-02
2.468142093559323735e-01
-7.770569927894988016e-01
-2.764912428506287156e+00
-1.508939602689926662e+00
-5.335692631791771889e-01
-9.469138058480340847e-01
-7.026917960807754771e-01
-6.844358911510219912e-01
-2.066815696917327361e-01
-7.883268032962285066e-01
-9.566980472712051098e-01
-1.157860310342040844e+00
-1.877235274009720012e+00
-2.652364014676245052e+00
-2.517209538019530068e+00
-2.000519683741288191e+00
-8.528636598742783681e-01
-4.791208128372154706e-01
1.297669504115573635e-01
-1.835495707990802972e-02
6.227534515958579875e-02
2.498211324666558819e-01
-5.210389338861959319e-01
-2.545553601292175824e-02
-9.563940085767572152e-02
4.959860769868268404e-01
1.710468051709570503e-01
5.884165807744032861e-01
-5.997802737202068135e-02
4.881968931492664532e-01
5.616319671873044594e-01
-5.595320970446749503e-02
3.019728835301077052e-01
4.208002020339744464e-01
5.058562391339656017e-01
-5.092830757165967004e-01
-6.926579628744759798e-02
2.819942326249912368e-01
4.109277186691349115e-01
5.167189573724957352e-01
5.471195042902765593e-01
2.644193150170875417e-01
-2.022396034711340107e-01
-4.033931737581575860e-01
-3.973510001935318114e-01
-2.641327988407614624e-01
-1.527471462580660688e-01
4.255697828522945203e-01
5.830727136322992887e-01
-1.759717310523381539e-01
-5.262741363154861407e-01
-1.915167626138808643e+00
-3.083318059892236826e-02
-2.930687393828355636e-01
3.495670346525761585e-01
2.657615216115985501e-01
1.302971753264997867e-01
-5.256367313565604160e-01
-7.561638657063434188e-01
-8.431768831840362743e-01
-1.604309192085181524e-01
-3.469081071908223790e-01
-6.147500773648893052e-02
1.914476104123115641e-01
4.488489753638954527e-01
4.292306583076915816e-01
3.145993574556130712e-01
3.837793316179086700e-01
2.372110806418130657e-01
2.629662316577855985e-01
2.921815277061826088e-02
2.805799676408093912e-01
2.648862082777350135e-01
3.391411431686515154e-01
1.792107697525324728e-01
-1.917717814644155361e-01
2.006585897074236180e-01
3.898142749101910498e-01
2.116575504335820035e-01
1.530169838493562751e-01
-2.076672880962919521e-02
3.879140699116856439e-01
-1.811276218544004002e-01
2.527026238050032736e-02
2.802793635823457308e-01
1.377165426550146232e-01
-8.932391547147460198e-01
-4.088520208365859498e-01
-3.122310853724444280e-01
-1.187299205330203944e-01
-6.542453972499828740e-02
-1.455957712791103482e-02
-8.284398550902798142e-02
-1.616718244276705435e-02
-7.018090539610388756e-02
-4.830149261977201292e-01
-6.274051756726648499e-01
-3.411871276822813215e-01
-1.237428623472349720e+00
-1.821452893747542434e-01
4.599237770832697580e-01
4.429611103797117533e-01
-1.928902480685728560e-01
-6.536514318500326048e-01
-1.335572809569584907e+00
-5.758944766589833009e-01
-1.562916748007679435e-01
2.746309258244240478e-02
-1.524218174932967518e-01
1.250718127745617525e-01
-4.199313192202659417e-01
-2.164745331749655222e+00
-1.723419057820005706e+00
-6.520456679869819361e-01
6.453494589932894099e-02
4.338520180546216742e-02
4.088465533124456264e-01
6.046913294994584603e-02
-1.506395484805345408e-01
-1.697422442037443413e-01
2.428736019826083226e-02
1.420331394141270132e-01
9.589123842409780218e-02
-5.419408957806006732e-01
-1.207578244545957524e+00
-2.508527132222557188e-01
-4.097117911002291502e-01
7.413381648722622286e-02
-1.762733846470290397e-02
-4.063591321678042823e-01
-1.586483633033158314e-01
-2.225298998839406461e-01
-2.061178288724294205e+00
-2.223022451708997593e+00
-1.595718972338389552e+00
-9.298032548635465355e-02
-2.805470009764253481e-02
-2.892862039936398011e-01
2.857490498290147785e-01
4.188204560461759041e-01
4.945553191155160344e-01
1.739417686813801156e-01
-4.121012210340043724e-01
-5.710411845208966941e-01
-2.430666750660955000e-01
-8.595457260913782482e-01
-2.297165188486448351e+00
-1.468612613606316675e+00
-1.292673797086794085e+00
-1.057298531981535783e+00
-1.762621377037478343e+00
-2.516629059548572300e+00
-1.768014672333604764e+00
-2.169309353166042342e+00
-2.494859021587528147e+00
-1.278020387261614044e+00
-3.519693514868114659e-01
1.831698719238036843e-01
1.931477891944432534e-01
3.493196012934816630e-01
2.821736082913323118e-01
2.187952359638071220e-01
-7.203914483333724306e-01
-7.151906043418315706e-01
-1.038799577907760507e-01
-1.055263816277380098e-02
-4.768966657192590386e-01
-1.837261986307596295e+00
-1.079587711531225791e+00
-1.200431578004637068e-01
1.553216427341958250e-01
5.505801800628611353e-01
4.828792034012465706e-01
3.170050467504189617e-01
5.701932587067641833e-01
7.664799771669781325e-01
9.175118440257947761e-01
8.122617975652333122e-01
4.018079395706990464e-01
6.371357880778423244e-01
7.401936365676290430e-01
8.466192072595272178e-01
1.003930702721886337e-01
3.636977418559456665e-01
4.703553126408506202e-01
5.254423279756719189e-01
4.387171493369057540e-01
3.414356334388118919e-01
2.168926121818667008e-01
4.906591121145990608e-01
4.339352080499832010e-01
1.957442338340247279e-01
5.550040381080200147e-01
-1.270413486403871271e-02
2.465564346270323337e-01
2.155345358975222780e-01
4.456339081826971027e-02
3.850482994361848488e-01
6.255318318070088868e-01
5.892515866594223439e-01
1.637277335769086739e-01
-3.384123452899403528e-01
-3.240861953287931668e-02
-6.596239986273058076e-01
-2.082157018597712295e+00
-2.544826378048679061e+00
-1.114471308817619022e+00
-1.323053432416043229e+00
-2.568736103504673629e+00
-2.996428725440859253e+00
-1.027305011198856644e+00
-1.467237269056200222e-01
-2.838278171508437642e-01
1.007206718481188645e-01
2.858905963391015215e-01
2.559398505826295800e-01
2.574160412797366071e-01
-8.154342255988595856e-01
-7.521270580908958614e-01
-2.054895841976336346e-01
-6.793700481921394196e-02
-2.411038115876290022e-01
-1.142221895601091275e-01
-5.444214657383370515e-01
4.620193045832743373e-02
8.257204801733201982e-02
-6.718900175658203411e-01
-1.761428233460894610e+00
-8.294221135663413236e-01
3.919991444511605749e-01
2.002216548990141121e-01
2.660190857858681923e-01
4.537934930779609632e-01
7.310879586645948613e-01
2.081989351977808766e-01
-1.268652614074409657e+00
-4.647911223813134818e-01
3.532075007887059553e-02
-1.238232157015821233e+00
-2.665372227078044443e-01
1.683726623365520703e-01
-6.734166315999511043e-02
3.121519684971498232e-01
1.978461107511124695e-01
1.924068348016647056e-01
3.808071398892733384e-01
3.204895905066820760e-01
2.520807196596963062e-01
4.264731015305075340e-02
4.563448199300567110e-01
-4.571196171656443860e-03
1.071894790026459987e-01
-1.270130038031017927e-01
1.127157349961850630e-01
1.990469947399826078e-01
-1.381674772939215368e+00
-2.492815900289157671e+00
-2.487379535284771848e+00
-1.008149063413125379e+00
-1.486326537056295027e+00
-2.677396425566463956e-01
-3.015233425801381317e-01
2.631493018745602042e-01
5.356347563272050721e-02
2.059870725010046477e-01
-4.004793265525595503e-02
8.697636613242348824e-02
4.132863395721356192e-02
1.753171322932651488e-01
-8.457534377322206698e-01
-3.539191198517441239e-01
-3.930339797375169697e-01
-1.223010635743645214e+00
-2.278676697611189184e+00
-9.060654960870232477e-01
-2.921106815569588511e-01
-7.128254954766422014e-01
-5.480936069256177046e-01
-1.949296555317467483e+00
-2.328456142108344729e+00
-1.500874916758008215e+00
-2.830561105206290118e-01
-3.888726815829007810e-01
-4.055726972309037920e-03
-4.461526442066616194e-01
-3.853403662719896428e-01
-2.451381486985639846e-01
8.410892622411398137e-03
1.305390751452840670e-01
1.969752749174852324e-01
-1.239135818611485362e+00
-3.745647462196143307e-01
1.982682876467551647e-01
1.042540119293677015e-01
3.531940831133438818e-01
-1.877419513138307572e-01
-4.786967041860156757e-01
-6.444508738268527326e-01
-9.240686317568141961e-01
-6.388991056562911552e-01
-4.635618624737186666e-01
-3.724803027185745741e-01
-6.323549867710661632e-01
-1.737717081211854198e-01
-1.923965685308597351e-01
3.062135552065405886e-01
7.628044821713120260e-01
7.198416505295618384e-01
7.953244182745869972e-01
6.025477751493781842e-01
8.019982964455379948e-01
5.678355354552035994e-01
1.754554061452031077e-01
3.690111736063422104e-02
9.869998875041584296e-02
-5.851961558458367296e-01
9.324049531528580403e-02
2.125820855395880657e-02
1.271902692644646393e-01
4.948965846337513019e-01
4.701605678475715422e-01
-1.255539200844238978e+00
-1.794913311087662056e+00
1.525671436614653258e-02
-1.108215626723935809e+00
-1.225443078951275799e+00
-5.626129138466366975e-01
-1.013888079838913603e+00
-8.251273098204086054e-01
-2.231059259318719235e-01
-1.508761306103497124e-01
-2.403201022974597867e-01
-6.630547645527412604e-01
-1.021275359486910839e+00
-6.571714106423538482e-01
-1.853669510638452422e+00
-2.556692899749159587e+00
-1.776295255131530748e+00
-2.643834216436158346e-01
2.028716929382192724e-01
-2.127422278427749947e-02
2.079741725117368878e-01
3.033047958313046522e-01
5.444095768759376064e-01
4.148882131428827669e-01
-2.134598249681192161e-01
-1.274590890464792015e+00
-2.138891212118713137e-01
3.141680608034123079e-01
2.568039812838054381e-01
7.057101619383016056e-02
-9.155513340876946238e-01
-3.103125009539336454e-01
-3.014727754202305987e-01
1.667309613941297952e-01
3.956185386295989481e-01
1.195912824239775130e-01
4.765769945755559123e-01
3.621083137881989655e-01
3.132709404735216641e-01
-6.119859479007029590e-02
-6.784047720990854513e-01
-5.327083661690008576e-01
-6.806387503501093450e-01
-1.106467347064379048e-01
1.231664197508472586e-01
4.690744168382282031e-01
1.476229426196984384e-01
4.743096578246976947e-01
8.091274162983554952e-01
1.017450160605900322e+00
8.216986851779094492e-01
9.446269873027277608e-01
1.136920365144578060e+00
-3.183821248425963146e-01
5.785336083724512690e-01
5.149807513760382705e-01
6.614978520172372090e-01
3.234801769666225124e-01
1.164732255134679068e-01
5.082711826940344846e-01
2.006605354058040858e-01
-1.271354147888112684e-01
-3.431191225221238428e-01
-2.804557426535338530e-02
-2.302184938967783534e+00
-1.576245612652953820e+00
-2.264969489061129937e-01
-1.974880181721651029e-01
2.800350418371509997e-01
4.221390462440535174e-01
6.244342165444409787e-01
-1.017851474804744694e+00
-2.329408887271037898e+00
-9.125913467536219681e-01
-1.533407185516532323e+00
-1.680421770024045136e+00
-4.807996827861297784e-01
2.894638375722647372e-01
5.629621559806016196e-01
3.560747965957196115e-01
2.012040556157722593e-01
-5.092779236026683254e-01
-7.400801444520457156e-03
2.841006217177210469e-01
2.933481526962413710e-01
2.303105556947997734e-01
4.959912359509216495e-01
7.339693470965609201e-01
3.644974385273968553e-01
-2.210133027971255826e-01
1.876597338679308336e-01
-8.815432106968532633e-01
2.883156224821495361e-02
2.550790519398209444e-01
-2.786937119310077884e-02
-6.266329181837276829e-01
2.725440316370701943e-01
4.273636379803519847e-01
2.094476217421195052e-01
-5.201036480091494330e-01
-1.042062106371671959e+00
5.222284992372039358e-01
8.965227168327394303e-01
-2.179034556531451727e-01
-4.883721458564494466e-01
1.633037547905868969e-01
5.860283302834834451e-01
6.949771597132903267e-01
5.168180887573768922e-01
-4.845097750316977869e-01
-2.005196913238280199e-01
-6.285880489754930300e-02
-1.250248143787877630e-01
-1.478698633709564003e+00
-1.924594290665100349e-01
-2.763746137408705783e-01
3.094421853398348077e-01
1.115139092523337871e-01
-4.512838949705670899e-01
-1.187296184354707851e+00
-1.318545862496736665e-01
5.437097739762614124e-01
4.859439465839203720e-01
3.924472116732702354e-01
7.485910399640571811e-01
1.049082090041806525e+00
-2.082186817140798674e-01
3.378433607312787412e-01
-3.469121851322052863e-01
2.938709580534473731e-01
-3.264305337694344833e-01
8.701582886021359542e-01
6.228695252219638157e-01
-4.308237778721558664e-01
2.694724104423861788e-01
3.176040547185283169e-01
8.701325184256512857e-02
2.949324546147048531e-01
-2.989545135398719022e-01
7.944939961757990776e-01
1.056800548149056773e+00
4.001422996218960415e-02
-5.255719993911542876e-01
-6.855689082079835517e-01
-9.088773235283811314e-01
-5.595196056550387764e-01
-5.746436438837608796e-01
2.793363100827506162e-02
2.731259958526019438e-02
2.644657462188479968e-01
1.508150146988416207e-01
1.024558943022227664e-01
-4.443418195087611711e-01
3.608336929008864047e-01
2.088740867904360365e-01
-1.961113146763487913e-01
3.964750216249108838e-01
-3.672205054726822293e-02
5.865752560907284696e-01
2.973768546201143240e-02
6.024709114924976516e-01
-3.504246589641543119e-01
-4.836133359847819557e-01
8.759626640663745190e-02
8.358122375660378967e-02
1.366983050087576812e-01
-2.093999725037678505e-01
-4.984355988747991573e-01
-9.742138709204625768e-02
3.654576331816262735e-01
4.595301384969789349e-01
7.286615377523406600e-01
7.139470712813725806e-01
3.485767994119481350e-01
7.050645025437092261e-01
7.682120970150909667e-01
1.122876466297174858e+00
7.334739481919295701e-01
8.280231884965056910e-01
-7.743316049723715233e-01
1.103428439205448308e-01
-5.409830658119705316e-01
-1.001931156869404482e-01
3.426562068968066477e-01
5.752510651822568821e-01
-1.000660723825681359e-01
-6.868747090140924216e-01
-1.505214144760693706e+00
-6.333467796267335803e-01
7.324146679824482253e-02
-8.189844694934372837e-02
1.616831151231374331e-01
3.839330347983391789e-01
-1.992948870052952126e-01
-2.485148504783806223e-01
1.886213321847568861e-02
2.629094613830726956e-01
-6.395813324197388572e-02
4.781480908869160107e-01
2.662128314533255824e-01
1.023454739188757845e+00
1.006264539201702668e+00
9.966296762897229877e-01
1.036922468291723742e+00
-9.993211998438443489e-02
-3.311029202208307654e-01
-2.594741202699930027e-01
6.521068585036082776e-02
-1.924182475849795793e-01
3.957178908003406992e-01
7.071670828008049803e-01
1.003473293935619015e+00
1.163295351446252290e+00
1.139399268098525209e+00
1.147895981233669760e+00
5.772959298921833682e-01
1.039509908860893006e+00
1.016394709088148884e+00
7.768750323715813977e-01
5.614978372934762429e-01
5.525424061675654475e-01
3.242040746765511017e-01
3.956880092441217300e-01
6.581341161692066954e-01
-3.385713315235525656e-01
-9.052265008170702620e-02
1.985900373740956681e-01
-4.042121043468543951e-01
-3.040377018753583349e-01
-4.276741780787627345e-01
-1.965875882801474961e-01
-7.659081530712316122e-01
-1.760024391924178144e-01
3.654557419080260022e-02
2.649376528049126045e-01
2.738496718544199959e-01
-1.863634715463350633e-01
-9.309118554932797884e-02
1.759818357276813905e-01
-2.977237610680888436e-01
-1.168718727220836584e+00
-1.589098930342041083e+00
-9.243166290461584111e-01
-7.490042449236573585e-01
-2.849155898983215529e-01
-2.227973587559161917e-01
-3.730600929570068169e-01
-4.457967005391984538e-01
-5.041432858360206382e-01
-2.992229082894520276e-01
-6.617524623666817471e-03
1.562723969885222441e-01
4.161278305856831450e-01
-1.213283299476032237e-02
-2.787370775261746592e-02
-2.319879061898724032e-02
-2.741314675653805377e-01
-1.797530058800853869e-01
-4.851602423310124035e-01
4.489425212187927450e-01
6.116607125258156641e-01
5.562368375364987738e-01
5.999490257473196753e-01
6.203371591529475149e-01
3.136312011991880810e-01
5.506477585176032807e-01
4.039541749614516952e-01
6.552701962585674167e-01
7.882025226123202666e-01
5.159757496810710720e-01
5.072996017270384739e-01
5.733185204003087287e-01
3.997310259807533850e-01
-2.464384704804727377e-01
-2.725909820582826937e-01
8.520442305484070278e-02
-3.115813140577513574e-01
-7.817926945746915546e-02
-1.841996759779875037e-02
-1.420760937479109476e+00
-1.446573636369786531e+00
-1.898915631287779959e+00
-2.112359925388494819e+00
-2.058050131109856906e+00
-2.581302650794193188e+00
-1.823297517739158380e+00
-5.993496164924078107e-01
3.032171474460938765e-02
1.992478941013759441e-01
3.903852282752163783e-01
2.695752665319817165e-01
3.820196158003312248e-01
5.698990304426311271e-01
6.699263063627167725e-01
5.062260144626471448e-01
2.860888017258563787e-01
3.143642339142282416e-01
4.243256481591385632e-02
3.585201899623934318e-01
-1.523126405762186275e-01
-7.761302871574646267e-02
3.895427070936509639e-01
3.330019681248459484e-01
2.146647892233661814e-01
-5.206652750148028641e-01
-1.838336120296505671e-01
-5.512601521774267849e-02
4.649341143574750035e-01
4.677620418844583572e-01
5.151251436509670656e-01
6.169239550556927520e-01
5.091438061591442299e-01
3.736821423936144693e-01
6.132476994282536342e-01
5.310689805624807525e-01
1.036872926912217607e-01
6.619618028710202995e-02
2.885826265941459079e-01
-3.717786583673885481e-01
4.403666724167375202e-02
-2.678964022121579358e-01
7.231083766327037199e-02
-5.750742145079105194e-01
-2.734931664087681957e-01
-2.890300664317704826e-01
-6.558885372777469858e-01
-3.080315964397120077e-01
-1.222554371022897657e+00
-1.717980398452087609e+00
-1.255116928597248327e+00
-1.705317069942303920e+00
-1.379942306370608218e+00
-1.347179919110446544e+00
-2.220466729441114673e+00
-2.327212759066950465e+00
-2.377647209172303100e+00
-2.924817825198494425e+00
-1.689999223722292054e+00
-7.201479519251051675e-01
1.074980945991586140e-01
-1.322916671246432863e+00
-3.899478726214183344e-01
-1.434924921953423915e+00
-1.697518132764552323e+00
-5.852935451467250472e-01
-2.077860010141525660e+00
-1.366453738181124589e+00
-5.865792339916773290e-01
1.643325967378663210e-01
-2.389614229261071143e-01
-6.933934177367072627e-01
-5.210113422244095904e-01
-1.298699200241531404e+00
-1.323877399563516022e+00
-1.029654582529426099e+00
-7.736758371251846178e-01
-8.630995108207135669e-01
-3.852559140319440356e-01
-3.378241951319804759e-02
-7.511398360650881068e-02
-2.374412172490411588e-01
1.095064974159084270e-01
4.729618969600440370e-01
5.965147891674319469e-01
1.825751847857975396e-01
9.641807890124683145e-02
-7.715583764713640491e-02
-1.342698543855205817e-01
9.512236686077608916e-02
-2.672467102260773705e-02
-1.732503776899730674e+00
-1.986913538687330449e+00
-1.010254285126214846e+00
-2.300610895215779717e-01
-4.444147720874973562e-01
-3.093723209828737608e-01
3.064789226498141339e-01
3.063214707087534849e-01
3.723254566226269491e-01
5.477179013922128803e-01
4.496439221033595723e-01
-7.194076027568370169e-01
-1.433618865837402279e+00
-3.003720945980257184e-01
1.379377265337853875e-01
-9.042752393096800123e-01
-8.287038245846003459e-01
-1.173671515808770049e+00
-2.044699532304891321e+00
-2.099509054331647473e+00
-1.334977418921276193e+00
-1.316765152179342424e+00
-1.174794662152796043e+00
-8.846940911224187021e-01
-5.372585306336981059e-01
-1.620092312969432236e-01
2.247523641505389802e-01
-4.091905688399642971e-01
-5.822022026771791481e-01
-1.198743382112245293e+00
-7.265627597198076604e-01
-1.081182418092788255e+00
1.209953669709929944e-02
-6.851256558365277638e-02
-6.387799540733315462e-01
1.277178150976008564e-01
-1.112257084580697608e+00
-2.444223905304441502e-01
3.108647770316891323e-01
-9.226987252447722554e-01
-9.514571880605140475e-01
-5.520108736982434205e-01
-2.282169561366194643e-01
-6.325020873808955280e-01
-1.705775680069057110e+00
-9.969515080350027647e-01
-5.316817736483696599e-01
-6.410563567069285096e-01
-7.174724265940168877e-01
-2.282346698801648310e-01
-1.370707640024267260e+00
-1.732735451888298028e+00
-2.432428373479284200e+00
-6.129359845599691159e-01
-1.288294962312236391e-02
4.057044648260685893e-01
7.810674568486637437e-01
1.465654888836618874e-01
-1.085810023789482326e+00
-2.182487564668769142e+00
-2.293589850303106914e+00
-2.892236876938996559e+00
-1.473823644288787760e+00
-1.244194825733460963e+00
-1.019468303068308268e+00
-1.303514778991467615e+00
-9.133932407808976750e-01
-1.560263737671312434e+00
-9.598829358390147393e-01
-1.733100594093523128e+00
-1.305687218239822922e+00
-2.152112153318715970e-01
2.009291611807464406e-01
3.489079751502876386e-02
-2.691998490669901822e-01
1.634348214694714418e-01
-7.754364183146600364e-01
-3.016404689759926150e-01
-1.507382351892425920e-01
-5.949838015813531111e-01
-9.700425947594113474e-01
-1.272131451995496709e+00
-2.372790328818577876e+00
-2.294358058953261281e+00
-2.286596996756178335e+00
-2.335113760675372685e+00
-1.935470408531636988e+00
-1.156780210105170292e+00
-9.266514021731540041e-01
-5.986948152144666579e-01
-9.683421064788244603e-01
-6.639563661093550451e-01
-2.281209254974483347e-01
1.104374215749031884e-01
-9.416295291733697281e-01
-1.286466845039595297e+00
-1.701527441687427977e+00
-1.999205659574949667e+00
-9.845534770996875462e-01
-1.280482728302852147e+00
-1.837114210602608821e+00
-1.463509755771048582e+00
-1.925209172317283057e+00
-2.262382124690600183e+00
-2.108940439086308238e+00
-1.664315068542956855e+00
-1.282473522124914167e+00
-1.670509826168605327e+00
-2.276347907309618446e+00
-2.057885189280823202e+00
-1.209608838912582085e+00
-8.322342701379983332e-01
-6.755653220053110530e-01
-9.106008770485121140e-01
-1.806519297328766704e+00
-5.163490302437818702e-01
-3.823596258498523359e-01
-1.670312099563500685e-01
2.652100658920460846e-03
-2.304461364666039458e-01
1.940922964421376573e-01
6.021913312052911138e-01
-5.848493313249478187e-02
4.451907434226614613e-01
7.963590947336608439e-01
6.650004520175644140e-01
1.147007541482880866e+00
1.289093319063810306e+00
1.237092881449865178e+00
8.412850945526018087e-01
8.908467902709318320e-01
-2.709598615483413409e-01
3.095818462767440660e-01
-4.724340317328092342e-01
4.386761617935341917e-01
-1.549823409973697108e-01
7.231147486973341088e-02
3.828692120918119612e-01
8.668911887115494652e-01
5.935566276437265198e-01
1.204440149803721050e-01
-6.055288263979978491e-02
-8.445889519151623670e-01
-2.878032246727171839e-01
4.975060680343236230e-01
-7.967446188253063735e-03
2.869788473577292720e-01
-1.023869654482497532e-01
2.917331979711479395e-01
6.725935599825256794e-01
7.418886958879096216e-01
6.120864697569017299e-01
7.204184355832712328e-01
6.534558832702646036e-01
7.361379921506174817e-01
4.188462121908730351e-01
7.527241811172726837e-01
7.376811710722036564e-01
6.138854827249619062e-01
-6.851792556444539217e-01
-1.264792117630605617e+00
-1.738239365033806827e+00
-7.109784175661979511e-01
-9.146917370853264728e-01
-5.229622757880234563e-01
3.135334499662916219e-01
3.976774219020894896e-01
4.329822850587783378e-01
5.338508949230652556e-01
3.534364390476530393e-01
1.125584055186354959e+00
9.682299013344645155e-01
4.662883692325858753e-01
1.142737218980647951e+00
6.472198874525331158e-01
6.740456991599093062e-01
8.489850463287236249e-01
1.191732188561609673e+00
9.236771865876571841e-01
4.528263204517432028e-01
7.637810045189487029e-01
-4.340660111631454710e-01
2.147574601876844902e-01
5.706713323103802527e-01
7.101564717252292214e-01
5.020429671876946998e-01
5.119031047959914371e-01
3.308158691001258922e-01
3.273136711310447033e-01
3.118768407210871785e-01
4.742035724500008320e-01
2.730656258386587876e-01
9.099064907692319126e-01
1.013463738638056277e+00
-2.456344772464755521e-01
5.706530510755218888e-01
-1.138171350171989449e+00
-2.445285095370367812e-01
4.677540427655609845e-01
7.985607450407119501e-01
7.112196767183663892e-01
1.083065305844090442e+00
8.749408377145094784e-01
4.645493530577834984e-02
4.676080598509096964e-01
1.137575965650418297e+00
1.186628025884547410e+00
7.802526722954230554e-01
-1.577418340405815078e-01
-8.076501891649361387e-01
-1.927088752628168145e+00
-2.223204737665170683e+00
-4.645230394838324450e-01
6.518848150244435091e-01
7.069607266266240142e-01
-1.006817348553104896e+00
-2.177886490802052322e+00
-1.785130952211815503e+00
-7.525561697736296018e-01
-5.898279033594072684e-01
-4.973778982402292659e-01
-3.469025403771174854e-01
-5.253483730912278382e-01
-2.467842112712063107e-01
3.424053078656572602e-01
2.379560108288791831e-01
3.634878241695906897e-01
4.185209446893775054e-01
3.875570823763486716e-01
6.998326127540641650e-01
3.821540658339365182e-01
6.200163973374240856e-01
9.397617986634563270e-01
9.187556773077014682e-01
9.699397537861085272e-01
1.180405855857606712e+00
1.269446717908540245e+00
1.208110340398546700e+00
-9.125858343359853631e-02
-5.401776786650550055e-02
1.410509380340838337e-01
-1.362278698078669192e+00
-1.980960037877805391e+00
-2.789000923315127167e+00
-3.104759482094725520e+00
-1.005817116507152331e+00
1.119836277006417413e-01
6.630211570941957344e-01
6.884880375582544954e-01
8.059399075419078073e-01
8.669947337924277520e-01
8.732329973219912223e-01
7.897669647523550829e-01
7.324406385961003130e-01
8.258312591878147479e-01
7.838791981707020629e-01
2.398763218773479478e-01
-2.912579613038128734e-01
-1.283668665080309967e+00
-1.755587131823159286e+00
-2.099518027581210866e+00
-1.952555524623878380e+00
-1.220842288410488141e+00
-9.646829478846308259e-01
-8.472797224685661988e-01
-1.857719882903071884e+00
-1.051843769199957146e+00
-2.086547226151599377e-01
1.839015566071336982e-01
8.593829392356271413e-01
5.408713178165851510e-01
1.829853883906036871e-01
1.940940816655779000e-01
-5.494138398250219407e-02
-1.379199813809169894e-01
6.242281324216390759e-02
4.892369655042991261e-01
5.055335764197513848e-01
4.935509985325734483e-01
5.437526577142367396e-02
-6.550235915793074515e-01
5.268545144307235084e-01
7.947835117747488187e-01
1.074219703209749577e+00
1.266113178640371650e+00
1.418252042049029216e+00
1.345582675649788396e+00
1.380782155555257962e+00
1.242207134917920008e+00
1.541823523801736151e+00
1.416845159496475937e+00
1.464092419391495925e+00
1.485783858385015588e+00
1.583405339947285828e+00
1.437743129302906819e+00
1.486711371320561970e+00
1.588584083734688068e+00
1.807469578939834065e+00
1.676936680215774356e+00
1.689308692436404691e+00
1.728152955407243230e+00
1.732946697762413724e+00
1.267303350891468838e+00
1.767834572153899053e+00
1.609079926008690320e+00
1.425779996600154531e+00
1.503335205234803684e+00
1.455427245721903962e+00
1.576830840104627374e+00
1.631625893837195029e+00
1.770699130348314831e+00
1.620341340357936533e+00
1.909237688103399000e+00
1.586415773670295515e+00
1.112146061293387778e+00
-1.746271660952405380e-01
-1.870442879896044186e+00
-2.407062963190898852e+00
-1.973667225901278410e+00
-2.725721503826901149e+00
1.118599726731411281e-01
7.634575630272665281e-01
7.090970837269279237e-01
3.503443495492446491e-01
7.004762603220335837e-01
8.118536279983938897e-01
7.934797745006392233e-01
8.559973788144048523e-01
2.181901744917564834e-01
2.304918796530076586e-01
2.183894574164375879e-02
1.332909787274250413e-01
5.131576169772203988e-01
-2.842305338104708645e-01
-5.739115827932808056e-01
1.403524482153856723e-01
6.847314343751840227e-01
9.328040524335027284e-01
4.140180369579030129e-01
6.146845179845737972e-01
5.442320956644515206e-01
9.397341880670151415e-01
1.032142502934953798e+00
1.284016482679583682e+00
1.331782293900709568e+00
5.246237034339027439e-01
1.039764554917631756e+00
1.492339935796977990e+00
1.400135936570876760e+00
1.131513696245798339e+00
8.509640726204852346e-01
8.250245460066859549e-01
1.071987158793193728e+00
9.690254290603348419e-01
1.062293773467650304e+00
1.196061739788338407e+00
1.263248875879688038e+00
1.247294327542378234e+00
1.311568450246813011e+00
1.329413829424935800e+00
5.090085696748201105e-01
7.657488411434338893e-01
1.126071931682852911e+00
-1.548727432766110024e+00
-1.437020134382072767e+00
-1.245167958388389673e+00
-2.406743863249380944e-01
-8.939447159653914898e-01
2.098924569705936105e-01
4.239630480594470674e-01
2.170658505471618760e-01
9.810892747358964661e-01
9.455680537327758595e-01
1.203864664306595333e+00
1.466976864131715574e+00
1.523354927845210760e+00
1.051166141058904824e+00
6.423259285617491932e-01
5.192396457044754499e-01
-9.009931255140614104e-01
-1.577196782322134005e+00
-2.371671185182560038e+00
-2.095070136353044177e+00
-3.359048561318642850e-02
-2.010306903098347142e+00
-2.067373295364252517e+00
-7.044297398844173719e-01
-5.708123002789180500e-01
-1.779176092027560774e+00
-2.819424563281414997e+00
-2.009950548059312059e+00
-1.167662125636148129e+00
-6.089697731155520044e-01
-7.368631572863162948e-02
7.745829294033818035e-02
-2.483876525633559873e-01
-6.222308518572732261e-01
-7.549465934047412397e-01
-9.007930470219648739e-04
4.787329647179026093e-01
7.843496140569373720e-01
9.442926211953428517e-01
9.130458956495808298e-01
1.022482448102179253e+00
9.442132136802814379e-01
1.032256655714168581e+00
2.707819415822230180e-01
5.199123512680585701e-01
-3.514358721178714173e-01
3.281783557100244608e-01
5.031008920127399975e-01
2.703298460180941776e-01
5.492322602023935740e-01
9.197180099640135387e-01
9.355373006646735545e-01
3.116356013595601437e-01
1.134203883627639131e+00
8.278555388075881094e-01
8.396849538484342235e-01
1.808033429966474648e-01
3.111025293651291657e-01
1.798903174265423788e-01
1.873872781371701268e-01
1.397741861729246138e-01
-1.252785457804324709e+00
-9.406586263421541361e-01
-1.904145062572786706e+00
-2.272226801287959397e+00
-1.187538861116709921e+00
-7.958408608480674884e-01
-8.208973433653197205e-01
-2.369034713858111374e+00
-7.766696198013616215e-01
-1.350854887560232420e+00
-2.352985516198125460e+00
-4.298436385878236510e-01
-1.346360427205008925e-01
-4.054114215868006577e-01
-3.425982069101118355e-01
-9.711788774079916919e-01
-9.510289638686990621e-01
8.124667335399057833e-02
-9.868896662730926028e-01
-1.323604142585959931e+00
-2.100006566189053903e+00
-1.445077396133109593e+00
-1.790100109839026565e+00
-5.152469888852025948e-01
-2.597278492704865105e+00
-9.137639031561466396e-01
-1.807769119300499883e+00
-1.764216827285268296e+00
-5.689329342301591153e-02
1.026036427629244852e+00
1.231662797524772035e+00
1.388686729833694233e+00
1.145526866389810827e+00
7.984471656610958590e-01
-3.191963854757001728e-01
-1.174722559526402144e+00
-6.311821020527976778e-01
2.640301401072041587e-01
8.087101789929369566e-01
7.711218721670174414e-01
-1.394813144067103661e+00
-3.687383538493609336e-01
4.464184534593544362e-01
6.513623122125964393e-01
1.031013686979513233e+00
1.048867436308537959e+00
1.054101469710261973e+00
1.207071097376533286e+00
8.614394466638499726e-01
1.200231718995446784e+00
9.836222177127211808e-01
8.778710327861879437e-01
8.383551343970121472e-01
7.940458899284749128e-01
-6.301249650405833513e-01
-2.289233093027915333e-01
5.022998668415904477e-01
1.058463791612332727e+00
3.860774237245028773e-01
-5.525689471180272871e-01
-2.784448592999844152e+00
-1.097956046552609921e+00
-4.217236667258704441e-02
-6.003618145064334444e-01
8.306934937886900627e-01
9.822937374860052362e-01
7.276631800747109802e-01
1.489822978955270341e-02
-1.000652269876155798e-01
-1.052566039059563141e-01
-6.137228966549803655e-01
1.907035571735131163e-01
7.992117716466378141e-01
7.892838122955313507e-01
3.573387557618393218e-01
5.558538334038942708e-01
7.059618725796552585e-01
7.316350449583952642e-01
3.232792362518178697e-01
-8.746171511176628055e-01
-4.919309842163110957e-01
-1.490710706424025256e+00
-2.179624598119924261e+00
-2.532169929919373619e+00
-7.268343862479235140e-01
-2.247180545229582105e+00
-4.296383026055793919e-01
4.319037333396612000e-01
8.794631178658678383e-01
7.533367679898897995e-01
4.839267474891340015e-01
6.334559144214222393e-01
-1.287030756365535322e-01
5.729206638100029503e-01
8.055026031064271841e-01
2.869631281530294897e-01
-1.068093918309179324e+00
-5.261907799351145387e-01
2.355961508613367561e-02
-2.186705404002672881e-01
-2.426867801876692710e+00
-6.088533379670553192e-01
-1.513587992793309134e+00
-4.369779881062151317e-01
4.418248805282398717e-01
1.215971965338606076e+00
1.077101859112314930e+00
7.922695327709442514e-01
-1.179048779433837124e+00
-5.326612971547950437e-01
5.100319046472940876e-01
3.875075359970258509e-02
-2.033444176899100952e+00
-2.850208437226868230e-01
-4.763182376175330024e-01
-1.078692485136929724e+00
2.885287218699967848e-01
2.951788293486111714e-01
-2.035936175636351209e+00
-1.778964514947070530e+00
-2.862637310800252965e+00
-2.239451431671621862e+00
-8.710131284437249155e-01
-1.080928699089827916e+00
-6.919681534336838968e-01
-5.572993917489028615e-01
-4.915024041065336746e-01
-3.670118985305667603e-01
-3.922686148839579223e-01
-4.770686328800762682e-02
-6.057550871526298231e-01
2.104366336614356681e-01
1.683323903658465182e-01
4.241812644370954732e-01
4.730041269252827085e-01
1.822396817478126041e-01
-4.668392086004014563e-01
-5.473008126953366609e-02
-4.808973742914507965e-01
-1.427543962646287135e+00
-3.133292065741454246e-01
-4.775572444594317068e-01
-5.593321640360462421e-01
-1.229219725358779158e-01
-8.383933789399742320e-01
-4.984525901074110532e-01
4.158050528058277601e-02
7.082509985902021299e-01
7.990607016518194161e-01
8.297497012014694029e-01
6.906864532731895601e-01
8.536303383837433589e-01
1.664905217966154427e-01
-1.203250572256412271e-01
-5.942438994104976696e-02
-3.708489149639525029e-01
-3.063440779898812805e-01
9.480063999061794089e-02
3.383805411854673428e-01
1.293054229911140274e-01
-4.525712668358475854e-01
-4.840460063288455350e-01
-1.658735705633747060e+00
-2.814215621310725446e+00
-2.709861102239715436e+00
-2.739782573390302289e+00
-2.627736441325555283e+00
