3.465012137460878883e-01
2.356523942890131618e-01
-2.507788007309706690e-02
1.452893727565868487e-01
3.467681137482502840e-01
2.304825055958085733e-01
-1.235602490797962361e-01
1.365512717980172097e-01
-3.630728789698427217e-02
2.705810495284300399e-01
-5.662614052988831359e-01
-6.233425001645881425e-01
-3.820843298555781087e-01
9.255788804508384426e-02
-1.411747359382446443e-01
8.905952671336633819e-02
2.665033817798225790e-01
3.737049978895751745e-01
3.314128268203409000e-01
6.413603118356695498e-01
6.241350685807935950e-01
5.775704743743790281e-01
8.114580321085382852e-01
8.271182169965354269e-01
8.713117732853769004e-01
7.576699653886759256e-01
8.633731605219158167e-01
5.498984407560122412e-01
4.287363115023840043e-01
3.003063618532532675e-01
2.727759602157748819e-01
6.269271364442802197e-01
4.726131042624926448e-01
5.768166470697867476e-01
5.218960935307971338e-01
2.719530640586497738e-01
5.744620167608550654e-01
4.360710819525273618e-01
4.183481158331828764e-01
5.814745484940663234e-01
6.568330605320147342e-01
8.900812662078371185e-01
7.157068549814339375e-01
3.714845003397713175e-01
3.762474243656830919e-01
9.144590396904281326e-02
4.203036552916170066e-01
5.820298210845122888e-01
6.298173998445238952e-01
4.723031066438522774e-01
2.965087471459348922e-01
2.435158370390888838e-01
-4.616579617596410640e-02
3.513889506300416077e-01
1.039884912315363064e-01
3.229626303084817129e-01
3.305486662862852087e-01
1.472821926729597219e-01
7.270901479071109064e-01
6.254710138650545481e-01
6.868050217521144418e-01
1.162722121310032497e-01
1.753535982930892355e-03
4.305582168022421830e-02
2.675302731164933001e-01
-7.830653431969911149e-02
4.750992705944575428e-02
-2.957307323790725473e-01
-5.400922720255781906e-01
-3.904731450715958063e-01
-2.114747931914469359e-02
-3.876506940569155457e-01
8.320856648064789071e-03
-9.160643896302971727e-04
5.141736418960741739e-01
-1.455534872961745940e-01
1.965735823348283284e-01
5.405904886099029971e-01
7.437844732401798220e-01
5.758200720568159570e-01
6.265584816286737802e-01
8.282184524642566270e-01
8.088168817075048755e-01
4.781581677678854447e-01
8.170984986382691106e-01
9.510475887372604742e-01
1.054582913945744993e+00
1.006903415329146290e+00
1.029552748539082296e+00
1.107330058358674485e+00
1.128483005422459717e+00
1.001695132352506956e+00
7.764172908584742183e-01
8.777516499903152969e-01
2.462225739977582373e-01
3.884221780494198084e-01
5.320894742193020832e-01
6.847529566561388892e-01
7.122160376671414772e-01
6.300853396826844310e-01
7.273700018013077306e-01
7.123761661482360674e-01
8.328170102197409719e-01
6.298230112936515912e-01
6.997254741619257645e-01
1.024669323160647627e+00
1.180411790710886200e+00
1.168679623885227281e+00
1.113670853340944511e+00
9.478935027494448384e-01
9.016428617745458896e-01
8.051928794231845155e-01
1.063322534406551778e+00
-4.674523173650611818e-02
-3.255840154485184490e-01
-3.714820695339434153e-01
-3.057398422259282600e-01
-2.389857114867887933e-01
-9.918993261766510805e-02
1.683839838454002646e-01
2.617640735594979895e-01
-9.742692103688888050e-03
-2.556320688351046977e-01
2.496407672330814009e-01
1.525671379969332775e-01
2.534409690453875985e-01
4.637454694533975075e-01
6.490121360703859921e-01
8.397322005649107135e-01
5.108430536757692098e-01
9.475489772345613293e-01
1.215634445868406743e+00
1.252519783513638130e+00
1.191810383090769587e+00
1.229697066035356112e+00
1.335722137748810656e+00
9.273715244836191474e-01
8.052735049188533001e-01
1.256439298169688357e+00
8.171185852776901015e-01
9.770780416149945635e-01
-1.014166372124534865e+00
-1.242211890943095698e+00
3.031019671179752129e-01
8.105214078766589392e-01
-1.183820119274731075e+00
5.732574705682623728e-01
2.966964422045494931e-01
8.173207181984029068e-01
-2.106791870083763563e+00
-2.591747788621546977e+00
-1.429074610537848455e+00
-9.459495087717929573e-01
-1.978374240834894104e+00
-1.812920711125439288e+00
-2.602780453031969365e+00
-2.111668602623661517e+00
-1.972449788790091585e+00
-1.668391332277160855e+00
-2.322052165621770747e+00
-3.318455322540642349e+00
-1.958074321330754985e+00
-6.252547900366600686e-01
-6.547876488366612124e-02
-1.203309735098926914e-01
2.438942337070758581e-01
6.772399563291847668e-01
5.368798548811118954e-01
8.241441295428957314e-01
9.079252974532623366e-01
1.078765962201616357e+00
9.285962961816773831e-01
4.026457700670183493e-01
1.077458497910317892e+00
1.206833379945647877e+00
1.072097134139418761e+00
1.042912813274492700e+00
1.309633016906764258e+00
6.899396326747310182e-01
1.106623835117904964e+00
7.393316272232320907e-01
1.143946319399803846e+00
1.125713946006498212e+00
1.084326954970684931e-01
7.431420158181064606e-01
8.531832191254224984e-01
9.468212841226427701e-01
2.495835382412237291e-01
7.449315987280419327e-01
5.302288193463490229e-01
6.899113368744516084e-01
9.736835834306167836e-01
8.389407796191774569e-01
5.348716997754577873e-01
6.534780958293965325e-01
2.753979070361520787e-01
1.202927850286683031e-01
2.487278173326528119e-01
-7.909680872834864429e-01
7.776021270075733627e-02
-2.547248513556710781e-01
1.447732517654045925e-01
2.959094007404919902e-01
-3.164104208225981818e-01
-4.844962280597026050e-01
9.465241520014891496e-02
-3.089992545826648618e-01
-1.015339838219434382e-01
-5.201611188439311251e-01
-9.927013951972938344e-01
-2.668750569150149854e+00
-1.263713418676440048e+00
-3.014938511865533632e-01
8.909219503927741368e-02
-1.316964514606670245e-01
3.516394441140272553e-01
3.988523943553896056e-01
4.528821023753260566e-01
5.154203043568014175e-01
4.656666367711034260e-01
7.085941775106922025e-01
8.729832690943103435e-01
-1.432741283871647175e-01
-2.255034263788409543e+00
-6.484493601393188644e-01
4.793755265164471591e-01
3.361814392487568748e-01
9.121273160630531951e-01
6.048876643111666951e-01
1.298902886116666544e-01
-6.073908118596457045e-02
-1.027055980609853147e+00
-2.038436739066869396e+00
-1.761953867293845510e+00
-8.772781194452173859e-01
-5.832859429830871134e-01
-6.029264095048485483e-01
4.157310646280742983e-02
1.762357385906236640e-02
1.028440717950417915e-01
4.339653568950695983e-01
5.018802958545639514e-01
-7.673105076380123402e-01
-2.035395200173706787e+00
-1.899934855160670732e+00
-1.208610173652040487e+00
-9.307378298971836772e-01
-4.725772425126079090e-01
-6.394331356584070924e-01
-1.622342976188836938e-01
3.915904049334847370e-01
7.348905978853909060e-01
2.096503033270891714e-01
3.585574696911885684e-01
-8.309380576438558652e-01
6.329955144342210883e-03
3.936611781984097336e-01
5.998499718132622727e-01
-3.977955119644647208e-01
2.199207850941727604e-01
2.482730995990453660e-01
4.367150239500318110e-01
8.338438016003306696e-01
3.310663489886680466e-01
-3.749579957701435623e-02
1.053499386411844929e+00
1.158588808199828124e+00
6.376349302344123116e-01
5.424845908298282504e-01
-2.375081197506156705e-01
5.047356374520964861e-01
-1.624088054630849765e-01
4.943716326976214243e-02
-7.969115094738160598e-02
-1.688011162598924697e-01
-5.309419810839821618e-01
7.924586921490356373e-02
-5.620769884924770032e-01
-7.227304757713937100e-01
-9.255005496260055864e-01
-4.289527429375371015e-01
-8.209162454845141399e-01
-7.141361358696974859e-01
-9.013166458898441702e-01
-5.890310781662770889e-01
-9.328521110934400173e-01
-4.028607751597672038e-01
2.070452248752345948e-03
1.826900041237671246e-01
-1.229722540642796957e+00
-4.110054697480994834e-01
-5.890501706058174358e-01
1.157790895928176023e-01
5.978714565330847108e-01
1.675604676818881478e-01
3.298952297974968029e-01
3.009966729927618934e-01
7.724598297983076289e-01
7.973346005248281854e-01
8.378371189842462874e-01
4.987106881717657814e-01
7.544268179829785037e-01
9.491304748584558637e-02
-7.210814672914529488e-01
-1.570774239619652901e+00
-2.355825080020418127e+00
-1.228527056975095677e+00
-2.502572667254794769e+00
-3.034809142911020219e-01
-2.529493469396579819e+00
-1.504719021094439668e+00
-3.183737049489534510e-01
-4.753633381243436151e-01
-1.684199600642772854e-01
2.856517737199020801e-01
2.435353197728773733e-01
4.961240111489619298e-01
5.938175727032730666e-01
5.191473973173659218e-01
3.492297111014123212e-01
2.794082161629454220e-01
4.404884078932734814e-01
7.146893211624470998e-01
9.151724924686071017e-01
1.247507856031075724e+00
4.236020401592749951e-01
-2.260135914720902139e+00
-4.484527212416556941e-01
1.446680131707451245e-01
-2.538905023509636649e+00
-1.641216075719643952e-01
2.444150726926470341e-01
2.540766329887768071e-01
1.782482387821132386e-01
-2.262451487300899955e-01
-3.219462140392410632e-01
6.950968957234444912e-02
3.677770373321643804e-01
4.581794066168035084e-01
2.954473280175421990e-01
2.029925645574626736e-01
7.453770990074143343e-02
6.479850107639407719e-01
8.518521344086097402e-01
4.471050415234172348e-01
7.794869007119359372e-01
8.597637021334554319e-01
5.054860759126789116e-01
5.043595070225654897e-01
3.464004921014093297e-01
3.836097902974571761e-01
4.431988266259138248e-02
4.039585567065531735e-01
6.962162620553775660e-01
-6.666748380164873033e-01
-4.724000354169426430e-01
1.835053754600772247e-01
-5.488042282308319697e-01
-1.634529427932941426e-01
9.979269270804493885e-01
1.152840555452026239e+00
-3.346244293012941018e-01
2.429303698689622426e-01
6.484813407947438435e-01
3.430864250017744976e-01
9.034462013075788001e-01
8.146248531203212906e-01
4.788250124527642093e-01
6.346420820015503950e-02
8.077812728149607047e-01
1.711146624609267253e+00
4.011496108579218345e-01
6.555323083218317359e-01
8.062558800822643423e-01
8.552787348415571422e-01
1.021147689576651585e+00
7.920896775651826704e-01
1.106381445859340396e+00
8.728539578285537948e-01
2.519076809769577041e-01
-2.286524738310169724e-01
3.287425470323426246e-01
6.107222061891082188e-01
7.743320477507286137e-01
7.534396943696877180e-01
2.748666358436683832e-01
6.542133134454169996e-01
1.040464464557461666e+00
7.134866445727908735e-01
8.110898876568741755e-01
7.618143507705459339e-01
4.276968437399824019e-01
6.537065011686692406e-01
5.233048792788890236e-01
7.138990536732877645e-01
-2.648621959247750568e-01
2.926477254693002905e-01
6.874950234139649563e-01
6.993760742672726627e-01
4.935038277940978491e-01
4.181745274007416663e-02
-7.172883754597831896e-01
-1.824578410556266239e-01
2.817914466690685238e-01
6.428407445117902963e-01
-2.044859882644188276e-01
8.383379047261968475e-02
9.037032522257956030e-03
-3.261577864396682513e-01
-1.821637668904791729e+00
-1.490516497616285685e+00
-4.896211051554970606e-01
-5.187272839077463477e-03
3.173910785198270634e-01
-3.166895851491933339e-02
-6.069864335415606771e-01
-4.868501298420036538e-01
-1.206540601316915262e-01
-2.600962693570740836e-01
-1.833549283747609948e+00
-3.722710812267637226e-01
2.101811280128109694e-01
1.291825213207233314e-01
-1.236788386260990302e+00
-1.179768585939465986e+00
-1.317233953340748664e+00
-9.142038438907958975e-01
-5.335484838653306028e-01
-9.769207418898661066e-01
-1.732079262499161443e+00
-2.154064427154821715e+00
-2.388824755242876741e+00
-1.796326675316765265e+00
-7.799725434392279499e-01
-3.951310622698139263e-01
-1.014745602665452356e-01
-3.313052816882394724e-01
-3.921022842122677821e-01
-1.144393695016672208e+00
-6.772895883540392958e-01
-1.795729783544267044e-02
-7.679386820763621779e-01
-6.504705481570193237e-01
-2.353028474416897498e-01
5.959096666424788108e-02
5.064770167333229045e-01
2.672292717230245196e-01
-6.123445025884921566e-01
-1.061492280582459063e-01
4.023789134585441518e-01
7.150951152879306827e-01
6.762619461570851254e-01
6.786459861913873848e-01
6.167927051309843867e-01
6.522852149590744331e-01
7.140270747241616034e-01
4.042730910039512571e-01
6.503192309528551540e-01
4.690407690238493910e-01
2.604485619083610204e-01
-1.177602725330816558e+00
-2.032675299189777185e+00
-1.320011891046353414e+00
-1.396145712333770383e+00
-1.714412766198268434e+00
-9.344098752014858844e-01
-1.169404558267801708e-01
-7.324046049451593543e-01
-5.179856467960576305e-01
-5.662358578454896874e-01
-5.028584578410992822e-01
-2.233184546022145334e+00
-1.291518170182550662e+00
-5.866069739804294914e-01
-9.030398795224711672e-02
-2.330532439142390666e-01
-1.574141368218622716e+00
-1.409685058928487500e+00
-1.331091711942568701e+00
-2.080734516643563126e+00
-2.192343061133972260e+00
-1.510737877708662857e+00
-2.374025942733318129e+00
-2.661679225640602997e+00
-1.167525546018145732e+00
1.229193528062388491e-01
2.621845055386879397e-01
3.415692891928667763e-02
-2.063508328709303674e-01
3.027084674815262444e-01
-2.507182418170286198e-01
-9.999938593317056826e-03
5.317831378246010710e-01
5.786338024050617923e-01
4.989350479260720173e-01
7.332737272277846108e-01
4.487948808200640793e-01
6.838820874869268041e-01
5.857049470204261921e-01
4.914288952621155282e-01
5.554282713098543933e-01
1.010282589003503734e-01
-1.721915530985846710e+00
-9.368932760658086334e-01
-5.552825913813171921e-01
-1.229423854078759287e-01
-4.113832207574780186e-02
-1.233552595733373725e+00
-7.985848695237354189e-01
3.393300881143313519e-01
-3.126312152787559251e-01
5.214332080150526627e-01
8.447745229739950235e-01
-3.501073033146041569e-01
6.656440805020273910e-01
7.551888025279304140e-01
1.021543813407854939e+00
1.187457847248926335e+00
9.872082850326537873e-01
1.048053924547316162e+00
7.974691696031913635e-01
8.513199871801275798e-01
4.753895834765619610e-01
-3.463379054732340090e-01
-1.799513996277264383e+00
-9.996828587666953814e-01
1.755475971656434153e-01
7.227732872985014323e-01
-1.672018288452228774e+00
-7.160631972409375878e-01
-4.826916924701021849e-01
1.941347611656885908e-01
4.376478612819337810e-01
3.869660600149415486e-01
-1.824017279814280856e+00
-2.343797128781705208e+00
-3.950729403517732607e-01
-1.756208272816097926e+00
-1.133937745030550781e+00
-1.921442757150856551e+00
-2.959907141655720331e+00
-9.060585024810864363e-01
-4.718578534354422316e-01
-9.433530499314803919e-01
-1.143272619053649075e-01
5.299770151048643907e-01
5.038577094637332054e-01
-3.632819125018247469e-02
4.193171373571825122e-01
5.775948542102927741e-01
-1.266317880953805597e+00
-3.466808329894668361e-01
-7.222836676242351539e-02
-2.328566538053154500e-01
-6.106020045761447745e-01
-2.168248571319938645e+00
-2.812716411055677046e+00
-2.033365444124396682e+00
-1.322783923329298617e+00
-8.193685997990727277e-01
-2.813373098966301389e-01
-4.970922541643943426e-01
-2.213462820152441335e+00
-1.277281408791303585e+00
-2.856150589563466458e-01
-5.414107882496553559e-02
2.107235039228442797e-01
4.766792933661210818e-01
-1.424937562139395875e-01
-9.122845273905231256e-01
-8.591122293317693392e-01
2.698688324489890156e-01
6.642470235878541462e-01
3.601967836084079555e-01
5.050371448235830840e-01
-5.968914806243189736e-02
3.293703384021910985e-01
1.181610501279460185e-01
2.280556426168113549e-01
-8.651452316557574351e-02
-4.058894680577441738e-01
-1.652141896847897140e+00
-2.103548630994963808e+00
-2.984480930068155846e+00
-2.361960176366562525e+00
-1.222596621504148384e+00
-9.469804802788885922e-01
-1.838475667165856642e+00
-2.099995709115683340e+00
-1.147522299248473487e+00
-1.823499839817259049e+00
-2.397367823385064156e+00
-1.933352721231403004e+00
-2.335666925185350795e+00
-1.849732556924485571e+00
-1.355943058693606651e-01
-8.203164646021173789e-01
-4.053679350371641177e-01
-2.578821154951659311e-01
-8.693654991565998857e-01
2.870919966333965734e-01
-7.161569172237121361e-02
4.095652121580946048e-01
9.446656321237142384e-01
9.487703640139795169e-01
3.400535034658236921e-01
-2.211469395143201011e-01
-1.154640633764348001e+00
-3.571350123244516617e-01
4.431700825747995898e-02
2.832636851393957600e-01
1.258404791973400383e-01
-3.841292158918653277e-01
-1.143278578058690043e+00
-2.117414867301266490e+00
-9.356631337010815619e-01
-1.019358867608846309e+00
-1.030132420740143218e+00
-7.952978533741331679e-01
-1.463602153999446598e+00
-2.335857867996488313e+00
-2.951005280316260748e+00
-1.388468754647764536e+00
-8.954643252956803190e-01
-6.924480259466445631e-01
-1.870458521346975989e+00
-1.153642197066187425e+00
-2.208258457738460301e+00
-1.929290576978355709e+00
-2.115260115665790863e+00
-1.084686343109594331e+00
-1.304097400218484193e+00
-1.793778296534985328e+00
-1.672022761860328721e+00
-2.071616476664059014e+00
-7.978636486053561905e-01
-1.375862377305381579e-01
2.911946239693907756e-01
2.459732025708118996e-01
1.873567157303967501e-01
1.861111432986789493e-01
3.180383629911312515e-01
7.513922590438271154e-02
2.339408502881911711e-01
-7.725441134977647506e-01
-2.749439143530958862e+00
-1.507285105218870935e+00
-5.333331955294985383e-01
-9.659012610737842675e-01
-7.135803264053030004e-01
-7.138959266286540872e-01
-2.498299947241282015e-01
-8.063624819904784413e-01
-9.615811599224760586e-01
-1.176568046209338414e+00
-1.877041088787615220e+00
-2.689031990295770669e+00
-2.549443907713740298e+00
-2.017112762750860711e+00
-8.598260384541215329e-01
-4.738837822694663138e-01
1.182261947487328463e-01
-1.986063017866302946e-02
8.216944391520605850e-02
2.591848192411000951e-01
-5.074103613374069122e-01
-5.385985374835101577e-03
-8.120484982454490019e-02
5.132817712109052355e-01
1.756358362734820044e-01
6.011260093584092079e-01
-4.922680285759872126e-02
4.985408011499556924e-01
5.803292163395862291e-01
-4.905335217957605687e-02
3.070171086165068286e-01
4.344849401270997058e-01
5.203046924385680283e-01
-5.035439608224130392e-01
-5.166976428577643721e-02
2.910745813558237582e-01
4.204484256589817726e-01
5.290397108207751664e-01
5.621249866060614719e-01
2.811085078485620614e-01
-2.063928705961810550e-01
-3.825288025738998732e-01
-3.710471133819611689e-01
-2.597233733739414685e-01
-1.475439870386392183e-01
4.211385577162490845e-01
5.880435718973022752e-01
-1.929587310699354685e-01
-5.125754056794474822e-01
-1.903368652770889513e+00
-7.889534236575766052e-03
-2.750929034138286378e-01
3.494915470085697695e-01
2.926831595100951589e-01
1.891780145898133980e-01
-5.217656859737237474e-01
-7.444520378870924660e-01
-8.123845872805977031e-01
-1.523910625062218638e-01
-3.523678728914035885e-01
-5.500594771607025119e-02
1.898831486817999237e-01
4.553011187877563648e-01
4.392262416016786686e-01
3.210744882623732810e-01
3.901305665119352839e-01
2.497904762323025496e-01
2.684794910234846732e-01
4.561201045317481162e-02
2.806063612394092965e-01
2.865447618214532755e-01
3.379435098731738418e-01
1.814130651891497081e-01
-1.995722333581031183e-01
1.792838972395479902e-01
3.806659641657448301e-01
2.201948069477779046e-01
1.684719852358104730e-01
-4.240405953331537886e-03
3.811020283506317274e-01
-1.910213459021997406e-01
3.825940984413384038e-02
2.706696330518921223e-01
1.506927330730348236e-01
-9.103302901300457384e-01
-4.047614839537436726e-01
-3.144141255948660896e-01
-1.093505375964875098e-01
-5.670713005336378010e-02
1.280245855849717479e-02
-6.904407402703613417e-02
-1.451348211817156224e-02
-6.887335627386752257e-02
-5.090556722817367596e-01
-6.307312367873492143e-01
-3.273560199314805019e-01
-1.213524649863344074e+00
-1.867042721293875329e-01
4.767210347829968775e-01
4.459859559516352046e-01
-1.823205882499143171e-01
-6.518052701290366624e-01
-1.324166373018649479e+00
-5.688122900278743677e-01
-1.233013972138327780e-01
4.115886251371723287e-02
-1.552153844792724113e-01
1.287603636485837866e-01
-4.194336180512407974e-01
-2.161535046896454038e+00
-1.712132387041496839e+00
-6.482941923818433816e-01
1.025297119782014044e-01
5.326425540405722164e-02
4.105134741108787400e-01
8.395526272829323400e-02
-1.472232874535209513e-01
-1.717983070168906112e-01
4.731206253758100944e-02
1.526674303859627546e-01
1.146896940885108462e-01
-5.177514313766816700e-01
-1.183345316101070521e+00
-2.289282978154100479e-01
-3.816166938996609082e-01
8.509415416071272609e-02
-5.486872355012789408e-03
-3.883415192129077154e-01
-1.421154367203906477e-01
-2.144804454957856266e-01
-2.057609714169157833e+00
-2.267222284309474922e+00
-1.584040041234280327e+00
-8.474977191844339230e-02
-2.366274639997625190e-02
-2.864842178802505246e-01
2.964010575635388500e-01
4.195569923789690403e-01
4.887872198986826788e-01
1.666679286829241824e-01
-4.283863851736950945e-01
-5.997002589529762950e-01
-2.658217153754224849e-01
-8.570923606064088096e-01
-2.331624160023034520e+00
-1.496784027676691275e+00
-1.307849253815835278e+00
-1.041938236896732928e+00
-1.795328442122490431e+00
-2.589079162148904434e+00
-1.809801802646428648e+00
-2.209104343758305777e+00
-2.473916261408254602e+00
-1.266508712164099659e+00
-3.630277938114808700e-01
1.709761796191918426e-01
1.701183137279859980e-01
3.444187319368134936e-01
2.703918665737251037e-01
1.985630667070123201e-01
-7.109982213499335124e-01
-7.384232593085182650e-01
-1.240846234176032764e-01
-2.167334925206681681e-02
-5.004443106793838858e-01
-1.840969207058217982e+00
-1.093736076004534041e+00
-1.401525347183789905e-01
1.404469303081440634e-01
5.297414194296325984e-01
4.957812293032849982e-01
3.132721647108361318e-01
5.582382466038144919e-01
7.532767311146800759e-01
9.040211702011091699e-01
8.046776848490670986e-01
3.977124726719783454e-01
6.372959399983958440e-01
7.386921945787233712e-01
8.446843210060548390e-01
9.677018544182229565e-02
3.549328113174546329e-01
4.734773075942829701e-01
5.250832230513630128e-01
4.460210925141972482e-01
3.288788951285389617e-01
2.162674364130853233e-01
4.834247636451325381e-01
4.211562487282251022e-01
1.786093681038980197e-01
5.550231984415329167e-01
-3.215936083601055300e-03
2.370124686363211663e-01
2.029573021361503193e-01
2.541359324398034109e-02
3.638222601141528068e-01
6.070332046680523286e-01
5.708347939840942020e-01
1.621318325306092545e-01
-3.381867974416036815e-01
-4.669419838503360842e-02
-6.578722537139233273e-01
-2.113087149069036830e+00
-2.623233154778261245e+00
-1.142854573008151187e+00
-1.325722047039435525e+00
-2.617279599135515777e+00
-2.980164764405615951e+00
-1.038217713086442284e+00
-1.725905997042660733e-01
-3.123992170037709903e-01
6.714944341212952805e-02
2.514320429702635584e-01
2.406926902257536249e-01
2.204246529208635508e-01
-8.201736702101347642e-01
-7.561810693738600930e-01
-2.168205462602108280e-01
-8.306109452399901283e-02
-2.607774382089715903e-01
-1.187719380283589893e-01
-5.507857456525534490e-01
3.296177425044181236e-02
7.916430998036408373e-02
-6.801708245342054093e-01
-1.761137653691708493e+00
-8.386383050703425379e-01
3.686796900734652938e-01
1.923722821394673599e-01
2.429969366270187114e-01
4.418567545595558088e-01
7.160025384879318278e-01
1.727111643799039420e-01
-1.282858566285143942e+00
-4.808581537656842486e-01
2.664599680750177890e-02
-1.253377372688092795e+00
-2.808263514744322453e-01
1.626137576534513463e-01
-6.284564244737259053e-02
2.942598434843133881e-01
1.862266423766891221e-01
1.945811382167229320e-01
3.516758081903964550e-01
3.224049137612389759e-01
2.362671064724170267e-01
5.063589608220656069e-02
4.377910875752356601e-01
-7.107715007185663215e-03
9.583252455723446916e-02
-1.354956880240332229e-01
1.021555458861050508e-01
1.888930873190377280e-01
-1.386235239917542383e+00
-2.515696723932935086e+00
-2.498870829554495021e+00
-9.979865752936072365e-01
-1.475395686525537986e+00
-2.839570353309992523e-01
-2.986097538314600452e-01
2.612338851531617601e-01
6.402767765611933060e-02
2.075579515740667014e-01
-4.016805129447026390e-02
7.615054491461083208e-02
2.535169163542688037e-02
1.579272445172110462e-01
-8.475595249567983158e-01
-3.589634588109467672e-01
-4.060886253373009458e-01
-1.189038953067240945e+00
-2.282024575925983623e+00
-9.297101946008294870e-01
-2.787865134187474392e-01
-7.200495843548565533e-01
-5.590062929462924490e-01
-1.957495328727554496e+00
-2.382081116865776949e+00
-1.508949167359461496e+00
-3.025774137655345974e-01
-3.865329390508931984e-01
-3.098567473971703540e-02
-4.739632344252797114e-01
-3.871748634239181031e-01
-2.319517639153045319e-01
-7.139071586614646053e-03
1.107084864392440526e-01
2.109915976062198273e-01
-1.217153816964235968e+00
-3.704880242293234760e-01
1.780086187410583887e-01
1.022708498786696896e-01
3.239638022951001894e-01
-1.878901945455643541e-01
-4.734888451923918717e-01
-6.535925477613641066e-01
-9.258180057562762633e-01
-6.524272517545591787e-01
-4.830799646616790732e-01
-3.932275581520538466e-01
-6.540224365456969169e-01
-1.989313765210464768e-01
-2.041699476682869441e-01
2.835839202411433724e-01
7.575475165397358435e-01
7.333495181058712342e-01
8.021685826562198196e-01
6.140633359339177089e-01
8.115560533460486337e-01
5.464388106862309025e-01
1.581015768383071673e-01
9.260600597211787743e-03
7.667804137580100377e-02
-6.019530326647458685e-01
8.607928309518002308e-02
9.787700475809534006e-04
1.160961475419759331e-01
4.935457517572925945e-01
4.630630249415880750e-01
-1.258430376051374422e+00
-1.787600253716181253e+00
1.136151949085130800e-02
-1.115107192436805006e+00
-1.233068627308401055e+00
-5.513361129871298116e-01
-1.025338643124463101e+00
-8.669552782937404167e-01
-2.566651413495180112e-01
-1.442199333152149876e-01
-2.474139850584475830e-01
-6.746466219248915541e-01
-1.035536175063367148e+00
-6.726147248694512859e-01
-1.859881619343333625e+00
-2.587759093516831310e+00
-1.786901283657331696e+00
-2.875492506237138368e-01
1.874577116372350416e-01
-1.466018316052678308e-02
2.065285904247194937e-01
2.932715724931418966e-01
5.394856368745919450e-01
4.266510224581053778e-01
-2.140785954018148141e-01
-1.247926793191368011e+00
-2.043584410283757480e-01
3.019444710097551332e-01
2.416671082214231769e-01
5.516946135829836617e-02
-9.017302881918516366e-01
-3.190155027478047689e-01
-3.140537710345686628e-01
1.621078181324460965e-01
3.958689678444930471e-01
1.211844461003045020e-01
4.744257662297924338e-01
3.686939515106972265e-01
2.974727392510249646e-01
-5.871179574440178045e-02
-6.865366223263876799e-01
-5.389889321068921380e-01
-6.688380822088777489e-01
-1.062274859603299926e-01
1.288581939001431642e-01
4.743705540277162180e-01
1.632570071710144344e-01
4.944374434137894792e-01
8.243710411382041414e-01
1.037508995578944493e+00
8.383269868342153597e-01
9.599291907801563717e-01
1.161945631075155472e+00
-3.203311202998147533e-01
5.962755563927139013e-01
5.205895462558118858e-01
6.594740560384507733e-01
3.237166398310747373e-01
1.076033617398606396e-01
5.073276427540497346e-01
2.143736842209403304e-01
-1.087713797411626881e-01
-3.383422520117601029e-01
4.973925095341905946e-03
-2.313488122196986296e+00
-1.578345304392736015e+00
-2.065961785795422945e-01
-1.973879082695716436e-01
3.027488898031513997e-01
4.524247391417021702e-01
6.413969575864630901e-01
-1.005753784355588820e+00
-2.357285659335064842e+00
-9.074711201051981480e-01
-1.524830541197357725e+00
-1.673757114809971691e+00
-5.059481883250158685e-01
2.712474086344049407e-01
5.747816568213234278e-01
3.894858864438662804e-01
2.306337029770982316e-01
-4.880884238426528854e-01
1.534605321843552500e-02
3.151285541568199511e-01
3.155585244035800652e-01
2.383719772212584964e-01
5.120040659384679227e-01
7.494375563146500330e-01
3.742309726075133680e-01
-1.971403234265036442e-01
2.094735703842068308e-01
-8.695037720969760464e-01
3.786357833249592852e-02
2.627261814482676483e-01
-2.141703155877678483e-02
-6.176178037287095579e-01
2.793187735087669932e-01
4.351572416275694133e-01
2.091127328006082697e-01
-5.342710595096635817e-01
-1.065670778449285816e+00
5.349694705255984006e-01
9.053623161876819259e-01
-2.226937199617707863e-01
-4.707887428063382562e-01
1.701055929369293951e-01
5.974740157115370209e-01
7.097252142412913134e-01
5.454517083369926356e-01
-4.581164665049916040e-01
-1.898098750932273593e-01
-4.390188924706135004e-02
-1.144518539053758083e-01
-1.470920174611744402e+00
-1.529921354214210660e-01
-2.661473612349513629e-01
3.263868327182634088e-01
1.114251834832643562e-01
-4.461469795628017487e-01
-1.198468116176201859e+00
-9.487176579429953960e-02
5.440445372354364428e-01
5.293317664442253045e-01
4.170975490640009831e-01
7.699557878086470408e-01
1.077048049949928865e+00
-2.147956474251625225e-01
3.476383924779071766e-01
-3.489551811967689376e-01
3.136464784386988613e-01
-3.343129067221736750e-01
8.642484258501736960e-01
6.509092983807551747e-01
-4.434099921238978115e-01
2.802670716427456687e-01
3.276640626372788745e-01
9.937743877923287117e-02
3.060901134143091951e-01
-2.845174493387831460e-01
8.018780919711824273e-01
1.090394390809982017e+00
6.450873843401157270e-02
-5.358487221180981974e-01
-6.967314298602632627e-01
-9.180335560098321634e-01
-5.570926733919123741e-01
-5.876666188356648446e-01
5.250259090102801091e-02
4.700290710220272200e-02
2.842316393754639181e-01
1.625733595618859550e-01
1.231994487033698238e-01
-4.395438354325028607e-01
3.665856619065559485e-01
2.351271721522488756e-01
-1.782444995196557913e-01
4.229471426809001677e-01
-2.475599816993439423e-02
6.126749964438971130e-01
6.723076175424175238e-02
6.594171252958658247e-01
-3.408754403833169633e-01
-4.881575377925382320e-01
1.114593186233113903e-01
1.063188222954060264e-01
1.373991879103684255e-01
-2.081546771789188621e-01
-5.170945549058356683e-01
-9.241114666324919125e-02
3.418508778866474196e-01
4.639388326491267756e-01
7.604406184567943372e-01
7.357959282796863176e-01
3.647230675074128459e-01
7.133784517593859675e-01
7.790596032186943853e-01
1.134404036888937428e+00
7.389352620998038690e-01
8.289933613343261065e-01
-7.723363974952545119e-01
1.374281633370620093e-01
-5.411796090832500239e-01
-8.866210100959842633e-02
3.336819409477420062e-01
5.623056285811596222e-01
-8.899212393256061837e-02
-6.853909667674414896e-01
-1.509498932336645893e+00
-6.240423095331816272e-01
6.445610751004857142e-02
-8.207479989774107976e-02
1.719997427272011992e-01
3.950674570343332137e-01
-1.811546347873586316e-01
-2.354813720279349265e-01
9.573463961277834181e-03
2.596198222234511466e-01
-4.969534919801683881e-02
4.947141906821118096e-01
2.601218368827959426e-01
1.023771354091570274e+00
1.037804050627295860e+00
1.017242078141024297e+00
1.065777271646269009e+00
-1.028749305976538186e-01
-3.237537530064078517e-01
-2.533636884013684698e-01
7.494425753501493537e-02
-2.022957952625784039e-01
3.804165146327408431e-01
7.126997405844013311e-01
1.025241701501943270e+00
1.165738995081473384e+00
1.161911047420136178e+00
1.166484122690752967e+00
5.796876386805157599e-01
1.061192288480653723e+00
1.050956611409177954e+00
8.196336294597448280e-01
5.956190254061289879e-01
5.930776926931633497e-01
3.613527022934220900e-01
4.270303238789906475e-01
6.721511100814601125e-01
-3.101092937728185950e-01
-7.903976480921995340e-02
2.306934381739692563e-01
-4.031645181071558115e-01
-3.094606691196564174e-01
-4.116250913687775070e-01
-1.826637039390170691e-01
-7.386849693875218170e-01
-1.936419295968714316e-01
4.474131523647480180e-02
2.832491378755858102e-01
2.887229702069924464e-01
-1.669668649662871263e-01
-8.266234846765399547e-02
1.824871816349299403e-01
-2.902831176742400876e-01
-1.131074787606449084e+00
-1.550451458798971505e+00
-8.895834019337319765e-01
-7.484041476917370206e-01
-2.632889526983923090e-01
-2.112322741961713823e-01
-3.839419682141150814e-01
-4.502892831631452042e-01
-5.207279613282136399e-01
-2.951902866321883812e-01
-4.017114228254132190e-03
1.618966749832453922e-01
4.423871679383817868e-01
-8.092909604158675038e-03
-1.713268170512382768e-02
-7.420136192555068164e-03
-2.682667080487755040e-01
-1.520475552836350608e-01
-4.779934911524750252e-01
4.746702791801298282e-01
6.214394972009025242e-01
5.739569842845968495e-01
6.236117711951479903e-01
6.451116281197776248e-01
3.361998050573965502e-01
5.763254905528110150e-01
4.491398333881679306e-01
6.970729181240264971e-01
8.180388694113616133e-01
5.460915125907230827e-01
5.225583230427436332e-01
6.014164576936404938e-01
4.243894943174184031e-01
-2.334384139587986906e-01
-2.381181697635258443e-01
1.141545025764654636e-01
-2.869066211175316794e-01
-6.469069344077892081e-02
-1.371314491568934729e-02
-1.392453153999311022e+00
-1.449708979820243160e+00
-1.914127145860597068e+00
-2.128015320253649367e+00
-2.076704716959850483e+00
-2.589088353477381865e+00
-1.821343019624565018e+00
-5.592301479809264064e-01
8.553919736991075218e-02
2.093035224890614776e-01
4.151914118222748140e-01
2.994573418156858402e-01
4.194627484542636786e-01
6.226974040741752869e-01
7.232812855492151138e-01
5.411720991983079987e-01
3.109261985986730426e-01
3.423951156934217921e-01
8.665892424094931434e-02
3.741715639025343099e-01
-1.419686550462898045e-01
-7.453639569176766233e-02
3.938251474017148146e-01
3.392786810293302868e-01
2.253435953486949139e-01
-5.351121466228335732e-01
-1.715454937223984677e-01
-3.150373965592968145e-02
4.743737930853025864e-01
4.806775710517697253e-01
5.216402304759581998e-01
6.412186721931067979e-01
5.260473135534249334e-01
3.796993692129921882e-01
6.235562098458793390e-01
5.482785933539483514e-01
1.155431453462288788e-01
5.065548246952646799e-02
2.717905842060061583e-01
-3.961948820987018505e-01
8.036816742157074089e-02
-2.470548500427615368e-01
6.590046085084351468e-02
-5.907403018067793887e-01
-2.806234851814408682e-01
-3.032090524469411297e-01
-6.524065263763738631e-01
-3.162683952693923217e-01
-1.230413904353129029e+00
-1.744416281881669306e+00
-1.255965247222543102e+00
-1.737107758152760750e+00
-1.398109715878712578e+00
-1.416921398636076246e+00
-2.297500277658559131e+00
-2.378382680564789631e+00
-2.402109308190592873e+00
-2.943233825391967873e+00
-1.713128915326711299e+00
-7.361788117658046859e-01
7.436631421571668343e-02
-1.351423002016703512e+00
-4.222693804107132132e-01
-1.450206782726223498e+00
-1.739078824028844172e+00
-5.796001357139772825e-01
-2.056466222122093512e+00
-1.396269903544218982e+00
-5.984490587333434197e-01
1.563264705073331706e-01
-2.564276965290654409e-01
-6.620540959976732864e-01
-4.901941247980794447e-01
-1.303393584591861831e+00
-1.291736183447205422e+00
-1.004016943376070836e+00
-7.446224429970841330e-01
-8.547065436816834172e-01
-3.903366138042807520e-01
-5.532367814791801924e-02
-7.823569659272627819e-02
-2.194608310543275098e-01
1.356746529696978842e-01
4.892595385225647631e-01
6.117915391816030057e-01
1.856309677038172345e-01
9.664221098362292539e-02
-5.242347070458781150e-02
-1.229486615398097393e-01
9.374999956286012015e-02
-2.661144995653388912e-02
-1.720141319177994177e+00
-1.949955702040594208e+00
-9.776778611763609073e-01
-1.866594837320661171e-01
-4.386334009422168112e-01
-3.024045613658926657e-01
3.011199170040086970e-01
3.091616150859475276e-01
3.877657430284430773e-01
5.433431054790474057e-01
4.331314668873040841e-01
-7.023150093110235304e-01
-1.412346869776745839e+00
-2.776311967592404728e-01
1.782940817292324176e-01
-9.195371183019943606e-01
-8.282747119327120711e-01
-1.141429616363567101e+00
-1.991990277007722021e+00
-2.079809219483474081e+00
-1.309384940510825990e+00
-1.316377544489747864e+00
-1.200813142589849392e+00
-8.692446960308439774e-01
-5.128669489443847818e-01
-1.402691720148389054e-01
2.194932416051443014e-01
-4.103262556324070998e-01
-5.761817107272841909e-01
-1.199056971277662864e+00
-7.156452119237624032e-01
-1.103093725193776020e+00
2.564892199556888935e-02
-2.997906457743144612e-02
-6.409378247630104219e-01
1.701746149991617552e-01
-1.077165524566676913e+00
-2.023979791362944813e-01
3.488711346677150771e-01
-9.027902663651610204e-01
-9.958245814672945784e-01
-5.471362164405910722e-01
-1.991883022657634228e-01
-6.324187364705399217e-01
-1.668010565687691571e+00
-1.015394615229366027e+00
-5.223619639261202208e-01
-6.407270428692646291e-01
-7.620373789119537777e-01
-2.419047397680949008e-01
-1.381734922627946283e+00
-1.749333087873474968e+00
-2.463027152533158404e+00
-6.193932339981631507e-01
-2.290774079813467576e-02
3.834683556520287473e-01
7.895158743162598025e-01
1.628707027868758206e-01
-1.081798577939889761e+00
-2.140028117196675517e+00
-2.293300140010019028e+00
-2.915964246887447597e+00
-1.476707317695771238e+00
-1.271502246136350101e+00
-1.059410136674001190e+00
-1.315494108229488202e+00
-9.482081553353635117e-01
-1.555568059400344261e+00
-9.908656386611937039e-01
-1.714532026149057975e+00
-1.328263530933627923e+00
-2.036456139114948272e-01
2.187197807605840982e-01
2.554657286672373795e-02
-2.827062376355695128e-01
1.754680386904177991e-01
-7.430447826818969981e-01
-2.551276395508820793e-01
-1.580728759287910457e-01
-5.725011894176195160e-01
-9.724337953031589876e-01
-1.284937387533848341e+00
-2.379376205253752818e+00
-2.290620220395100937e+00
-2.286436581052024852e+00
-2.335778211705600960e+00
-1.928833058784670706e+00
-1.146614912426615618e+00
-9.211126808095534413e-01
-5.904804335943923954e-01
-9.550176250139102985e-01
-6.440114631091674591e-01
-2.107824612477555148e-01
9.762985445892601033e-02
-9.543626239584245274e-01
-1.283635371696522975e+00
-1.684504335190952329e+00
-2.011622236734376568e+00
-9.721230578687590773e-01
-1.301017685880133889e+00
-1.858450695631440386e+00
-1.454479297682464978e+00
-1.921917030412346516e+00
-2.257036045780956179e+00
-2.119694959576302384e+00
-1.671713242213956452e+00
-1.284821640516825125e+00
-1.688064210287334443e+00
-2.247657806401190506e+00
-2.031887548555571410e+00
-1.165442266591517617e+00
-7.967360352176117155e-01
-6.524145533493135307e-01
-9.304442646428231489e-01
-1.789788258485979888e+00
-4.864171814475964917e-01
-3.258750476986089217e-01
-1.539876025314315666e-01
2.213662702984297084e-02
-2.139922020453723928e-01
1.690710061427212751e-01
6.020668445508348121e-01
-8.774078619340078267e-02
4.467229808108145739e-01
7.973552162462681503e-01
6.867446523162774596e-01
1.153913231389787075e+00
1.326079877306239219e+00
1.267913089884070921e+00
8.632025415287102321e-01
9.007598130901618427e-01
-2.566905600211867311e-01
3.470765801581510712e-01
-4.642419675123972134e-01
4.907154629536277790e-01
-1.631923970999667461e-01
6.464710118741047451e-02
3.837943049216153146e-01
8.655473678866529852e-01
5.968198525740132654e-01
1.056748585575561505e-01
-7.790018713114447990e-02
-8.523437064278129860e-01
-2.653691564993178598e-01
5.052338842005272834e-01
-1.111598861323323008e-02
3.002814373162396855e-01
-9.955971770361853046e-02
3.225272189456152017e-01
7.031111563646255114e-01
7.479831353405063110e-01
6.257842809556639629e-01
7.340981084479123453e-01
6.726887784677153537e-01
7.456113400005778269e-01
4.169728208191852969e-01
7.722849091852195258e-01
7.627200031532503921e-01
6.373269326334195517e-01
-6.967269967523378460e-01
-1.285966874888056166e+00
-1.765244719955493924e+00
-7.110916065611525561e-01
-9.427225220205989187e-01
-5.366281606008397320e-01
3.088942574273749742e-01
3.684420109046924185e-01
4.203517587714290515e-01
5.406649893076688196e-01
3.336795279795372049e-01
1.124807809280981230e+00
9.807263145774529622e-01
4.846397244521328251e-01
1.139983839946424826e+00
6.570431426987126677e-01
6.780565009995517256e-01
8.698590575270941372e-01
1.217397789284191401e+00
9.238966516114180960e-01
4.773983419463980193e-01
7.830480361322088578e-01
-4.537481775630084480e-01
2.244867803871966050e-01
5.652993559255254929e-01
7.226477147867413908e-01
5.116979938955097396e-01
4.993652994526047162e-01
3.153773884365673741e-01
3.380495570692118590e-01
3.188615773481495164e-01
4.780391813706812432e-01
2.666523626683808823e-01
9.167671876193449476e-01
1.024733262923404276e+00
-2.415670126880816448e-01
5.907967797793289844e-01
-1.143536188422414224e+00
-2.622559309374872805e-01
4.809599555826526429e-01
8.028922157422883066e-01
7.406820675647899366e-01
1.088113336596871816e+00
8.899538470058855344e-01
3.639312136910795997e-02
4.899535304575351469e-01
1.163797040225674984e+00
1.197726958276447373e+00
8.079478543916378541e-01
-1.258065736938923096e-01
-7.968726889450902240e-01
-1.926879019966659001e+00
-2.216325883703367250e+00
-4.514348381328446291e-01
6.784514869176200280e-01
7.235883617795527689e-01
-1.017531608088248607e+00
-2.179694321911828769e+00
-1.797461741968556570e+00
-7.866092270789147856e-01
-6.200145457434328433e-01
-5.197421040763212652e-01
-3.775086895145198240e-01
-5.445798204033724943e-01
-2.636639108204036908e-01
3.094348879752500947e-01
2.001907275854620527e-01
3.334836104389669043e-01
3.773105015734873335e-01
3.710117482519486587e-01
6.783661698614508184e-01
3.876144520634962620e-01
6.186677689098670774e-01
9.404096050259596051e-01
9.148842766923368508e-01
9.445731018631243758e-01
1.170647073000210980e+00
1.272454604072353224e+00
1.199537554368235392e+00
-8.372521736196585074e-02
-3.402785160569709449e-02
1.964565282754089925e-01
-1.344130353680664136e+00
-1.948131459715391145e+00
-2.791219410683723812e+00
-3.118203205477461104e+00
-9.734098554949027760e-01
1.145249000578535820e-01
6.631904331012198339e-01
6.797624181414800848e-01
7.788163886293160143e-01
8.278661057146894375e-01
8.284437153811340382e-01
7.693696148470600127e-01
7.280228507801607130e-01
7.899369122285189171e-01
7.624362686764549757e-01
2.013700265347933838e-01
-2.914201765376686071e-01
-1.260307821937589390e+00
-1.750576188567165126e+00
-2.092153066581122101e+00
-1.937733327910326153e+00
-1.215946037859015005e+00
-9.842528838727127027e-01
-8.697500146464092197e-01
-1.853770396365810091e+00
-1.047128773758761122e+00
-1.856539303434442401e-01
1.756483122963844734e-01
8.505624150445595388e-01
5.420868239880434203e-01
1.773431806792792609e-01
1.801754953848202223e-01
-6.809498226761268036e-02
-1.537625572958314923e-01
4.452497518683851824e-02
4.400283614655017828e-01
4.667211468924342688e-01
4.938608284097533718e-01
6.707985986230884101e-02
-6.719909483625388091e-01
5.212826337296495582e-01
7.715968547702388713e-01
1.066167405158045201e+00
1.263671149264103954e+00
1.428504384114874792e+00
1.370876857513049440e+00
1.410984322381949374e+00
1.252680887272476840e+00
1.564010156611605584e+00
1.441091779285394114e+00
1.493551149193998118e+00
1.494117498256287035e+00
1.598285453579913584e+00
1.456482558695927798e+00
1.523243118129695040e+00
1.615096464575319413e+00
1.845688003034722691e+00
1.709921779989652890e+00
1.744672000013457680e+00
1.778724121066948882e+00
1.761996428359908773e+00
1.278044606713228948e+00
1.774692632198661357e+00
1.614355759186983930e+00
1.449264359447913986e+00
1.530797693199603682e+00
1.469570756368261177e+00
1.591212961997407804e+00
1.657167941930270727e+00
1.791274920808679116e+00
1.653418871783060684e+00
1.964041492979541781e+00
1.628011664671168424e+00
1.149512982363682934e+00
-1.690017494318502844e-01
-1.896336846172042012e+00
-2.439552211732051834e+00
-1.965930088171848444e+00
-2.717544220899829721e+00
1.191420620465106633e-01
7.686265522577803155e-01
7.087726503466933448e-01
3.347167220517414665e-01
7.057727152598268772e-01
8.210113933877034587e-01
7.926167040245348794e-01
8.409120042689020025e-01
1.935093155255532549e-01
1.982802694429616486e-01
-6.893352063639614571e-03
1.206495994933729915e-01
5.238615913881912167e-01
-2.862013216247730196e-01
-5.837828032041262327e-01
1.126573155765923928e-01
6.439707830163385882e-01
8.999294836260089969e-01
3.855291850754976601e-01
5.717283232647876190e-01
5.186985425592061105e-01
9.254925499837876046e-01
1.041873439544512836e+00
1.305077009923074183e+00
1.330053249926963943e+00
4.817581897229334942e-01
1.033717897061086299e+00
1.479317014104734929e+00
1.394969770164781186e+00
1.118513540448595966e+00
8.580244181979547191e-01
8.366713759645444393e-01
1.070977435758814877e+00
9.754398040576970352e-01
1.079929131933651920e+00
1.198750378690231599e+00
1.283436430263575900e+00
1.262625268434975911e+00
1.322060782505839471e+00
1.343790514094744148e+00
5.013146911328951738e-01
7.559832334730197667e-01
1.142013428190667312e+00
-1.559177684553819887e+00
-1.437731510544654423e+00
-1.237880905596658199e+00
-2.483008249068696383e-01
-9.095645414718762645e-01
2.166008898118521320e-01
4.361163748997901601e-01
2.292525519435136827e-01
9.956428556049381484e-01
9.512777612751709411e-01
1.208939279271359357e+00
1.461600183902094008e+00
1.514256026841136249e+00
1.068745719049650322e+00
6.543111151437881468e-01
5.299868098958835372e-01
-9.033911408143272537e-01
-1.584831193799819404e+00
-2.396521174071072124e+00
-2.093569073269617054e+00
-4.513060265621138961e-03
-1.996365716043553507e+00
-2.071742197109141426e+00
-7.088243237167467514e-01
-5.777407323446834830e-01
-1.757836660732453371e+00
-2.841342149700942787e+00
-2.033361443177326144e+00
-1.200535796184185822e+00
-6.660319084619490404e-01
-6.609892993043306464e-02
7.460467292267962403e-02
-2.449164935220952133e-01
-6.100870598599796857e-01
-7.638234978961468968e-01
1.025497278622165311e-02
4.666708577517564849e-01
7.614615162236673118e-01
9.486300977992455641e-01
9.306424043940605406e-01
1.055142222570811139e+00
9.804161015927134182e-01
1.080075270005894650e+00
3.093999368744935197e-01
5.490228929385364554e-01
-3.298199564136038986e-01
3.627767136656097069e-01
5.053135827294896743e-01
2.733396179492317835e-01
5.454035321459238528e-01
9.338081003910433386e-01
9.671994458777237735e-01
3.347439020039955082e-01
1.144670953148686054e+00
8.359123119826556980e-01
8.547274524621938374e-01
1.825064499095598869e-01
3.055950179725978044e-01
1.933653235196198805e-01
1.915267548707400291e-01
1.318529184216991335e-01
-1.257940175879816325e+00
-9.719930089505889326e-01
-1.874870372142356079e+00
-2.314246858974276400e+00
-1.203976953340931688e+00
-7.786000260052134969e-01
-8.363424888458834694e-01
-2.398557460530910124e+00
-7.813873955891792455e-01
-1.356538012467796150e+00
-2.345782756677864178e+00
-4.217353163567857943e-01
-1.423016898069923430e-01
-4.157597906246572328e-01
-3.678536288929811215e-01
-1.008415706257149269e+00
-9.525945785095965013e-01
7.976568459788806187e-02
-9.948221485917581042e-01
-1.322739180976862050e+00
-2.100053931958682618e+00
-1.428603129768241997e+00
-1.772401331584853024e+00
-5.429422691438163806e-01
-2.616013027136241398e+00
-9.514464710516629120e-01
-1.827592637127109843e+00
-1.763350457649887515e+00
-2.176910107157511987e-02
1.032353824007817833e+00
1.254252898052911958e+00
1.408367668049384180e+00
1.172144403532208168e+00
8.073481102628888850e-01
-3.401566466016145984e-01
-1.182605834255075372e+00
-6.384390556119813320e-01
2.707752709997648943e-01
8.236973700429520706e-01
7.600607017107209318e-01
-1.359733469226676039e+00
-3.580432993295452615e-01
4.591606327729227943e-01
6.467893087450155010e-01
1.026960911503975948e+00
1.078979880789410206e+00
1.085157596900015786e+00
1.239709270013889642e+00
8.824556350942202032e-01
1.223507179215033158e+00
1.011944268178756268e+00
9.003949631369839723e-01
8.605400549767454610e-01
8.193547651917574282e-01
-6.359272802774451616e-01
-2.190067861810669758e-01
5.053146412584587077e-01
1.088813857894685322e+00
4.093715595346531511e-01
-5.857908642790152776e-01
-2.823929436658844772e+00
-1.093718745434043793e+00
-8.133728157224459632e-02
-6.069523059353520988e-01
7.857732021998679039e-01
9.334667868985211392e-01
7.165283565633731033e-01
-2.157692140642845577e-03
-1.121056427749830553e-01
-1.116564790379057509e-01
-6.282475232433437640e-01
1.745151908970596355e-01
7.876849811477936170e-01
7.862066594020367116e-01
3.463492816949695907e-01
5.341239335441059222e-01
7.000384282369352951e-01
7.170064933918580685e-01
3.198220041888084619e-01
-8.748862575857855317e-01
-5.108120995210436721e-01
-1.486646175748764565e+00
-2.197603373925418158e+00
-2.568475532248456261e+00
-7.267493596866990702e-01
-2.247042138950289925e+00
-4.222247261883679825e-01
4.023212004194825497e-01
8.753925403372218028e-01
7.300077313297967940e-01
4.472878020889038408e-01
6.047410527932353119e-01
-1.689648969993551852e-01
5.421864559318558818e-01
8.015553223131500760e-01
2.452531736252126504e-01
-1.101921902958739041e+00
-5.480738002141299914e-01
-1.293473476945355451e-03
-2.336799320829673343e-01
-2.449380617351589962e+00
-6.342861874372901498e-01
-1.512408810302651840e+00
-4.372326325885659837e-01
4.297920271059593733e-01
1.197830810361508513e+00
1.062056850257988572e+00
7.865030376509306587e-01
-1.185752682978812533e+00
-5.214233007687977262e-01
5.051261211320683397e-01
4.899568393496089164e-02
-2.060105397412557604e+00
-2.844897124590428650e-01
-4.686168318488880269e-01
-1.076502987100640629e+00
2.828591349337198357e-01
3.090559939613746199e-01
-2.078395916755971129e+00
-1.796135472491307894e+00
-2.897864057611998057e+00
-2.264540585984371468e+00
-8.800441416165637465e-01
-1.113374446279330465e+00
-7.385787613164914722e-01
-5.791399536484147514e-01
-5.083606225704013770e-01
-3.927261229605368276e-01
-4.126998939196196980e-01
-6.319506246985631681e-02
-6.138694521125075410e-01
1.935304020448821993e-01
1.589129551498250359e-01
4.309815141359087942e-01
4.673899392485250659e-01
1.824453603638979959e-01
-4.573516854269759069e-01
-4.492348759458216628e-02
-4.587494973178540270e-01
-1.436181454808789004e+00
-3.094957613098338611e-01
-4.856544750400846322e-01
-5.708360412157739150e-01
-1.210140824707609669e-01
-8.559353732103025525e-01
-4.837709650895552493e-01
3.975875721495168019e-02
6.989241283001070837e-01
7.981436924820030088e-01
8.409039872434496132e-01
6.880568458518621089e-01
8.623027283175266344e-01
1.610063178305327358e-01
-1.343126606659984790e-01
-6.006525363197948164e-02
-3.879940044311167013e-01
-3.080843706911951529e-01
9.757401086815470359e-02
3.091188168337161146e-01
1.044830415892480935e-01
-4.629578115646286185e-01
-4.789235850906657377e-01
-1.641969080799170033e+00
-2.789899182974136416e+00
-2.725453443051044200e+00
-2.739913313114967330e+00
-2.619935091162477470e+00
