3.483885967409217077e-01
2.349199839770226839e-01
-2.228528342919954691e-02
1.548915716409636212e-01
3.646700190146915377e-01
2.413790581316662132e-01
-1.139460856279015111e-01
1.379876065708852684e-01
-2.182653527705141761e-02
2.800979773358766023e-01
-5.746683130241588833e-01
-6.312710459810129127e-01
-3.693277705187585913e-01
9.192637724154058276e-02
-1.413114242494352690e-01
9.392603439533392384e-02
2.675916932396143477e-01
3.691222256470025886e-01
3.283463407872126982e-01
6.482531341752082454e-01
6.413088385246996648e-01
5.839314363410594844e-01
8.168476099119558187e-01
8.275915467379749701e-01
8.714858442434454400e-01
7.626405096893664748e-01
8.610713029209362546e-01
5.389193103888220149e-01
4.059588752099619891e-01
2.887738152146570592e-01
2.613774535917481323e-01
6.161943562050720136e-01
4.618319235151134849e-01
5.554774705808350754e-01
5.083933678123797595e-01
2.640766398444047147e-01
5.688259435728016955e-01
4.363017147450072297e-01
4.122042845178135462e-01
5.788632078190052432e-01
6.598919789278149262e-01
8.970043001404408578e-01
7.219317736219292847e-01
3.731415924356575320e-01
3.611762052926053568e-01
9.031402845733098317e-02
4.145883308446292603e-01
5.814504111540698128e-01
6.283197804798212882e-01
4.851537071716789939e-01
2.865476213359061664e-01
2.285728539544965021e-01
-5.421921454384105027e-02
3.517747408510711882e-01
9.743685098443086168e-02
3.188005307428519175e-01
3.161683207977429300e-01
1.296600172697526254e-01
7.223826816223443137e-01
6.378658904653942141e-01
6.978248818653517427e-01
1.231773724781227153e-01
3.467386193453119228e-03
3.620030941839436078e-02
2.589361993273199269e-01
-8.326838578735791530e-02
4.010516412530190644e-02
-2.843014924437129998e-01
-5.411937279733791684e-01
-3.953653285496480652e-01
-2.383336853535782118e-02
-3.970686087876290626e-01
1.312460240898987232e-02
-5.109406363008296530e-03
5.022600308801381530e-01
-1.558099741307996666e-01
1.942918503713949308e-01
5.293740340936886613e-01
7.411435982042438031e-01
5.773820628840589109e-01
6.227814368963445757e-01
8.203964667066152572e-01
8.025159269172152943e-01
4.689916921203646227e-01
8.041170319396133692e-01
9.547506691225983166e-01
1.050411453331891565e+00
1.006980864228560035e+00
1.023362231501301345e+00
1.110078576443089382e+00
1.128816950544511144e+00
1.006403433684802895e+00
7.683395857477415269e-01
8.837556116569504905e-01
2.503566788867288007e-01
3.839877717186338524e-01
5.218240640651118367e-01
6.775887882515462257e-01
7.091243357131208347e-01
6.222005837619573043e-01
7.285806250828694708e-01
6.983347385981664157e-01
8.357099223202468785e-01
6.245884831886557853e-01
6.985552899534578364e-01
1.022539036529648282e+00
1.179009778143372378e+00
1.154777924481293905e+00
1.112931427027811893e+00
9.345927217066242187e-01
9.080117287129432224e-01
8.063228115768156234e-01
1.063841535897258161e+00
-4.723692396160032725e-02
-3.335854417331036159e-01
-3.894485114001368098e-01
-3.031177773593209390e-01
-2.449595443970907227e-01
-9.994940059896534335e-02
1.489153082360729907e-01
2.465328319941871293e-01
-4.335769515560340681e-03
-2.534626513688610361e-01
2.430966456393911512e-01
1.652403086556651635e-01
2.619755464164714720e-01
4.607901624967423726e-01
6.466209532050588571e-01
8.305191373981032354e-01
4.956464564729866629e-01
9.391803127970284049e-01
1.214527284576484512e+00
1.247381543448944585e+00
1.195869561343321230e+00
1.227148323548297615e+00
1.331112941743938016e+00
9.251657876208683184e-01
8.082892615399692726e-01
1.251149967211006908e+00
8.189021410623027464e-01
9.602430136543256278e-01
-1.029404649364956459e+00
-1.235516404058762507e+00
3.009272440344512578e-01
8.013929482324977371e-01
-1.173902199549500924e+00
5.826350609553131443e-01
2.970649137820127184e-01
8.084080634769329476e-01
-2.103460783202327100e+00
-2.595615887531382171e+00
-1.419254926281263263e+00
-9.487305029546457824e-01
-1.980764610009428717e+00
-1.787522017554471265e+00
-2.578261149687528508e+00
-2.105722128204579935e+00
-1.952310597943307080e+00
-1.695723883006594157e+00
-2.337758709742011831e+00
-3.300725088890027248e+00
-1.933524957057561666e+00
-6.178062196929025029e-01
-5.224969902774282554e-02
-1.188019502141624550e-01
2.499119948855695883e-01
6.926502430365717444e-01
5.419769375629207575e-01
8.227158536392426003e-01
9.172993726038685125e-01
1.080654198936410459e+00
9.252423704480190469e-01
4.104917892728567885e-01
1.077160772924563803e+00
1.203096830567952358e+00
1.065015911107185964e+00
1.050426623127435954e+00
1.323630065996915350e+00
7.029852079602803006e-01
1.109870033061928440e+00
7.311967859032139083e-01
1.132267319243055681e+00
1.121891573447676427e+00
1.041184105268365273e-01
7.411651118818639583e-01
8.564314645599082620e-01
9.371042854108573295e-01
2.491925299736189037e-01
7.331031615100140897e-01
5.233737687645722003e-01
6.817914628535206578e-01
9.762237068622112712e-01
8.418838664659169524e-01
5.312485637314835474e-01
6.557609765074724484e-01
2.879655889992406292e-01
1.324233211237883512e-01
2.467516497828685651e-01
-8.080521093434633872e-01
7.676209386754921649e-02
-2.558267860255417636e-01
1.638225746651870152e-01
2.963801407290408418e-01
-3.135886697525777644e-01
-4.708684646264610363e-01
9.449383193029184391e-02
-3.092227452489443307e-01
-1.001183295845427534e-01
-5.243489862784269651e-01
-1.002116610801600638e+00
-2.656056111313393586e+00
-1.252820415904637663e+00
-2.944902805527242484e-01
8.697981575619831429e-02
-1.204927759825674821e-01
3.524695941511311048e-01
4.052653077831257500e-01
4.595016615531496429e-01
5.206930423940856478e-01
4.780697401793319035e-01
7.080887675904166123e-01
8.701657618451510423e-01
-1.449692524678936612e-01
-2.258541995377523204e+00
-6.536429164362420607e-01
4.944456906388687845e-01
3.480237963727538242e-01
9.278936297264108735e-01
6.216302064321118648e-01
1.496804252261557111e-01
-5.433214410825806806e-02
-1.035466289219800551e+00
-2.049171292995726645e+00
-1.747618011392010118e+00
-8.709202353590812518e-01
-5.605226964644441923e-01
-5.884124211333017218e-01
4.287864879036096255e-02
1.978008758423792368e-02
1.098944384037950361e-01
4.305173662415663349e-01
5.002382614490374912e-01
-7.644859976016233905e-01
-2.029523583348936011e+00
-1.880573657054240400e+00
-1.218349819454124017e+00
-9.247852061206093266e-01
-4.631556016831685496e-01
-6.600171413989829317e-01
-1.626641213390193907e-01
4.092831735005730831e-01
7.594132587762687514e-01
2.277400472266911113e-01
3.660447654222505620e-01
-8.451886878437930850e-01
-1.290023035627621030e-02
3.891672343681727986e-01
6.013493661509089483e-01
-4.068417083158949454e-01
2.135022501783205573e-01
2.298665366676760358e-01
4.255363268964170165e-01
8.174244760761018025e-01
3.321571870741117372e-01
-4.697232267599360522e-02
1.047761526410123656e+00
1.133387407118644274e+00
6.221602305988884751e-01
5.290855409455105240e-01
-2.367019975526913622e-01
4.788193602338196020e-01
-1.910230705853269151e-01
3.920753904486354302e-02
-7.575050612697671604e-02
-1.731002039629522260e-01
-5.520458435002282283e-01
8.284897798330093099e-02
-5.818123041829048603e-01
-7.514553395469796282e-01
-9.582717896789705314e-01
-4.447232412650932720e-01
-8.545653149804874893e-01
-7.394554781946723887e-01
-9.292785352869183946e-01
-6.074228131825077925e-01
-9.615526655729493832e-01
-4.198219127654175820e-01
-1.761004743863953115e-03
1.885038701973129616e-01
-1.244328261608540043e+00
-3.984265024995680693e-01
-6.022386879095278367e-01
1.308746699258224178e-01
6.003031411253102467e-01
1.617314188294116384e-01
3.272946232921992715e-01
3.016011951142555936e-01
7.637846875739570107e-01
7.852307596520211597e-01
8.314493474673119167e-01
5.059526428740770410e-01
7.439310908406792100e-01
8.218140501208305582e-02
-7.197310075721858880e-01
-1.569343532859773571e+00
-2.372763080741052466e+00
-1.224463150837365122e+00
-2.506273843225774733e+00
-2.986572821872344741e-01
-2.511284362394484937e+00
-1.502970334280534503e+00
-3.155956262324692840e-01
-4.821578088955305041e-01
-1.723142561305195386e-01
2.796136468046493961e-01
2.368396659409267857e-01
4.826900712961889051e-01
5.899537745507853481e-01
5.123588202261302182e-01
3.507888140945685795e-01
2.611826905260543619e-01
4.221574444810152760e-01
6.900760265271500549e-01
9.011944291406809304e-01
1.240578411727068175e+00
3.958013806431327497e-01
-2.225967315461380380e+00
-4.356053887258551360e-01
1.365977472269825077e-01
-2.526351929888054126e+00
-1.540899237570602098e-01
2.352090256088875397e-01
2.435849152032371068e-01
1.674235590679305774e-01
-2.388392502419020569e-01
-3.384447554539726788e-01
5.395277255609749745e-02
3.571723021700032863e-01
4.598879318718991360e-01
2.921401086001559344e-01
2.105497156661511604e-01
7.389318152461418765e-02
6.361819752261493877e-01
8.497667350014455057e-01
4.583358542636779553e-01
7.727862700065971646e-01
8.413859300211116166e-01
4.961156644655946302e-01
4.927052964631828402e-01
3.329908903616579097e-01
3.814964846476902594e-01
3.579267374826873571e-02
3.846686406356361609e-01
6.789955956459232667e-01
-6.538993954236866912e-01
-4.707031926324242166e-01
1.731029672660736318e-01
-5.317920649015166479e-01
-1.542945383603670784e-01
9.909892627486908134e-01
1.145017793943485573e+00
-3.252160666069187633e-01
2.388471169463126376e-01
6.403994481021092477e-01
3.495555452159129217e-01
8.945403131157909637e-01
8.173148598007815568e-01
4.793351579024626719e-01
4.716202599994791939e-02
7.874769361447446769e-01
1.686631304730215941e+00
3.902842519054084969e-01
6.392498680650852139e-01
7.948355676525997726e-01
8.490860181221827618e-01
1.004567856532523784e+00
7.721530456838293643e-01
1.095136692046767113e+00
8.554128096367495937e-01
2.504936103946882042e-01
-2.239209021849055126e-01
3.108992133611351294e-01
6.150341333424500512e-01
7.687339984795701353e-01
7.400977021232304498e-01
2.730623689044731628e-01
6.570633035631411323e-01
1.038697066303185368e+00
7.172453701589491804e-01
8.128550136490561018e-01
7.640152946355696084e-01
4.255125775631148355e-01
6.572970236283278700e-01
5.320743623926369459e-01
7.063533745569038347e-01
-2.641092939549739560e-01
2.741925438471329302e-01
6.759729326792296433e-01
6.931573364929586312e-01
4.846741906605201433e-01
3.288028634296442237e-02
-7.096489555155642837e-01
-1.769389713280897225e-01
2.882788114556663617e-01
6.425731593631599514e-01
-1.980042053165413929e-01
8.412845329072102252e-02
1.705272246213413237e-02
-3.344975354249469790e-01
-1.809424339560516959e+00
-1.502992927871656725e+00
-4.796633930057467854e-01
1.293417462183039934e-04
3.188171759012936035e-01
-4.334738821935289060e-02
-6.100367488163914720e-01
-4.833821190704241100e-01
-1.426985821481328298e-01
-2.763127217425050963e-01
-1.843142956684682421e+00
-3.711400961817492017e-01
2.075414616838253956e-01
1.216754600394147068e-01
-1.238070735088051544e+00
-1.206925260107906572e+00
-1.324782732423536391e+00
-9.308205211225120124e-01
-5.601205385915356549e-01
-9.666112214258786306e-01
-1.723421155855295428e+00
-2.130691668077464129e+00
-2.363832026639277384e+00
-1.773917473598585870e+00
-7.578010990505161804e-01
-3.972957785628186689e-01
-1.003394874086455391e-01
-3.264637039891070680e-01
-3.890450783870072482e-01
-1.156136782198650792e+00
-6.895556223304832866e-01
-4.984345449934873135e-02
-7.799686709215976066e-01
-6.534358095223428142e-01
-2.577927907492092441e-01
5.621994006989020770e-02
5.021175235503483325e-01
2.511042673829328442e-01
-6.067260426534437645e-01
-1.103821055392037176e-01
4.015913178927901228e-01
7.273075602950648255e-01
6.881059534608101602e-01
6.885989951001565412e-01
6.220600447152967449e-01
6.657525338049806729e-01
7.282491078808184248e-01
3.972091361975498280e-01
6.419144563648768731e-01
4.601702851298076768e-01
2.606539197701117638e-01
-1.194004822026780488e+00
-2.055708874140741660e+00
-1.316578666004930787e+00
-1.397985757293195519e+00
-1.716311215395275980e+00
-9.241182921987347587e-01
-1.077773034374277794e-01
-7.267296842388496492e-01
-4.977044960509305338e-01
-5.684823310495419335e-01
-5.157050500868823883e-01
-2.222495049970716341e+00
-1.306191440550950933e+00
-6.048066157974455459e-01
-1.044976790407250999e-01
-2.478754678077983997e-01
-1.590642824895426966e+00
-1.426590072226220141e+00
-1.343544793814766880e+00
-2.072215288094240826e+00
-2.168369195009670403e+00
-1.516920967301102152e+00
-2.363481090141692942e+00
-2.624382435617440557e+00
-1.174412108432204116e+00
1.308165967518397643e-01
2.622054964963934642e-01
3.031570171182662934e-02
-2.103867319281874093e-01
2.819247142954144913e-01
-2.576743684197965734e-01
-7.504810373590506400e-04
5.254901561727696180e-01
5.761642934651810544e-01
4.975389078902354711e-01
7.209504970544627911e-01
4.390611399005553972e-01
6.761875241841920348e-01
5.761156605456426716e-01
4.898372457235121713e-01
5.484536885889313984e-01
9.361911876940814947e-02
-1.730928222618257628e+00
-9.356774098216774638e-01
-5.373558766584876079e-01
-1.302665537878550106e-01
-4.939346698668915792e-02
-1.230013691184395741e+00
-7.999968191382105243e-01
3.330944717515472719e-01
-3.043488720985423890e-01
5.280660304392732485e-01
8.393626999407750588e-01
-3.514683403548327090e-01
6.656274797644291530e-01
7.482712231267768521e-01
1.021956715271060023e+00
1.186112082592390315e+00
9.929890341356064631e-01
1.051198051150153079e+00
8.041197413441455444e-01
8.495447828748912134e-01
4.927568531246827588e-01
-3.435697991851214272e-01
-1.810996151720723812e+00
-1.008063539279459686e+00
1.686393289077564028e-01
7.277111527175308403e-01
-1.678997282222475018e+00
-7.147937997174924618e-01
-4.719816495370374732e-01
1.927419212874525445e-01
4.384694124555773564e-01
3.771685274621883188e-01
-1.841638004595945954e+00
-2.349257272068097091e+00
-4.056819533090458840e-01
-1.759142856695956603e+00
-1.154331383699105151e+00
-1.933861475130533414e+00
-2.964388703552883531e+00
-9.176967436615441898e-01
-4.745046309403403439e-01
-9.479259405909645775e-01
-1.012628306702704623e-01
5.130426325852561753e-01
5.113144464000989320e-01
-3.861799726113333830e-02
4.016667814752872268e-01
5.706417356912807382e-01
-1.274673067148407002e+00
-3.500964980234596013e-01
-7.526011764959292250e-02
-2.366541737171012072e-01
-6.049440204205102090e-01
-2.135120701912657459e+00
-2.760325180978695059e+00
-2.017997734510803554e+00
-1.299544464279155598e+00
-8.133340246866878065e-01
-2.711944900656880209e-01
-4.856571661985383814e-01
-2.193127183370366495e+00
-1.287585851295412809e+00
-2.731435982061612422e-01
-4.440393552975326064e-02
2.042711292043812021e-01
4.777196501977484244e-01
-1.558278355898760070e-01
-9.092133590016964195e-01
-8.544805220185187622e-01
2.655075346178951134e-01
6.561735908928572059e-01
3.410636256394259935e-01
4.948657376550124609e-01
-7.271126755810977671e-02
3.234987678389015242e-01
1.111757028959148852e-01
2.147919180985432552e-01
-9.921798883561758209e-02
-4.138826967898016074e-01
-1.642146036145154309e+00
-2.081570225421485620e+00
-2.953110893977140883e+00
-2.346916494919603302e+00
-1.227845407482299755e+00
-9.492946481386573820e-01
-1.843809007123404342e+00
-2.088499702950932235e+00
-1.133991854283968204e+00
-1.831244516552513302e+00
-2.357745619433224249e+00
-1.919657504929753955e+00
-2.328213320280206666e+00
-1.836218981127984540e+00
-1.320064726687158463e-01
-8.099025952630546366e-01
-4.185021839571350100e-01
-2.515410728720605116e-01
-8.798581805147858148e-01
2.759124339446397123e-01
-8.343702157471011294e-02
4.129576396289052487e-01
9.421079809667783911e-01
9.437812392690594354e-01
3.458793767216278847e-01
-2.194747371345163178e-01
-1.152608864506765363e+00
-3.539853269320143436e-01
5.434952674552030044e-02
3.016221528828358922e-01
1.417241657999005477e-01
-3.648612188049320526e-01
-1.133342068062750396e+00
-2.126883524856229002e+00
-9.540828088175531407e-01
-1.020156402020859332e+00
-1.016152950995059090e+00
-7.813517053828709091e-01
-1.468633366509820348e+00
-2.324602486734741902e+00
-2.934392830759267934e+00
-1.375010944127051493e+00
-8.810311046182834893e-01
-6.883864643881214551e-01
-1.882325453412667216e+00
-1.160674547326616679e+00
-2.227639904895427847e+00
-1.937793924008694102e+00
-2.129726119432013842e+00
-1.088731167327673610e+00
-1.305240311883864690e+00
-1.799474893628216776e+00
-1.683826920163229435e+00
-2.086454805608607188e+00
-7.859111875653452817e-01
-1.169102930511376204e-01
2.861201662579074823e-01
2.497181809665861008e-01
1.828461552961980763e-01
1.780942696044953144e-01
3.148071134068039512e-01
7.624285745170823747e-02
2.426492990693102092e-01
-7.755969436068789191e-01
-2.759906365720151467e+00
-1.508404324096349836e+00
-5.334928883513399001e-01
-9.530568060681297027e-01
-7.062145558916520516e-01
-6.939670790996677052e-01
-2.206413542610371481e-01
-7.941618758149563417e-01
-9.582778778348515214e-01
-1.163912813122637058e+00
-1.877172449379039154e+00
-2.664227183259032294e+00
-2.527638304685303705e+00
-2.005888032832620294e+00
-8.551161941206981698e-01
-4.774264794182377925e-01
1.260331765206435528e-01
-1.884208661185817618e-02
6.871167122758058132e-02
2.528505605407407320e-01
-5.166296898262935366e-01
-1.896244610059960242e-02
-9.096939905283926708e-02
5.015817427652051741e-01
1.725314917041268770e-01
5.925284547280522673e-01
-5.649969002911946203e-02
4.915434516200776760e-01
5.676810772071603228e-01
-5.372090285817908428e-02
3.036048387051191733e-01
4.252276172993972869e-01
5.105307387325134227e-01
-5.074263032508313787e-01
-6.357296240455398428e-02
2.849319925084958793e-01
4.140079474011441607e-01
5.207050834881155055e-01
5.519742191571481715e-01
2.698187597566821805e-01
-2.035833075410021786e-01
-3.966429360220741773e-01
-3.888409191662589026e-01
-2.627062200132608827e-01
-1.510637712164867863e-01
4.241361511906327486e-01
5.846809324827414445e-01
-1.814675251756784624e-01
-5.218421940508853885e-01
-1.911350311225658238e+00
-2.341023618757493568e-02
-2.872530277458038572e-01
3.495426121795152663e-01
2.744714632846415592e-01
1.493468586175718538e-01
-5.243843343209367847e-01
-7.523747449412916399e-01
-8.332146698035119980e-01
-1.578297890989517338e-01
-3.486745019763045073e-01
-5.938207655341230101e-02
1.909414610289107417e-01
4.509364335304386628e-01
4.324645234910403091e-01
3.166942527166237142e-01
3.858341429071525663e-01
2.412808850975596553e-01
2.647499332172764674e-01
3.452204790321008326e-02
2.805885067462387528e-01
2.718933873654085787e-01
3.387536735730558024e-01
1.799232770996733455e-01
-1.942954570770791534e-01
1.937432480266403079e-01
3.868545273163996323e-01
2.144196040117041790e-01
1.580171313567385050e-01
-1.541997729729759938e-02
3.857101741125211203e-01
-1.843285325757472448e-01
2.947263361873470044e-02
2.771703331166107676e-01
1.419147219079035238e-01
-8.987686397020486773e-01
-4.075286118450781592e-01
-3.129373630914631943e-01
-1.156954142888479975e-01
-6.260420130182241250e-02
-5.707153817602495655e-03
-7.837930826485414726e-02
-1.563216174951557319e-02
-6.975787479773329358e-02
-4.914398734601961305e-01
-6.284812542685921377e-01
-3.367123575276104175e-01
-1.229694984951789083e+00
-1.836202543836061851e-01
4.653581839861226088e-01
4.439397368882752604e-01
-1.894706522448891817e-01
-6.530541442344163228e-01
-1.331882491861929196e+00
-5.736031809842128126e-01
-1.456183496991124426e-01
3.189407697197249592e-02
-1.533256185769947821e-01
1.262651674690982995e-01
-4.197702982538166205e-01
-2.163706710179501780e+00
-1.719767487862252864e+00
-6.508319552912018580e-01
7.682737021896414442e-02
4.658136620500762104e-02
4.093858512178210063e-01
6.806758670176411841e-02
-1.495342875600301213e-01
-1.704074409962328396e-01
3.173652860215853827e-02
1.454736453167797539e-01
1.019730917272902576e-01
-5.341148925910974565e-01
-1.199738179460847043e+00
-2.437595200023938702e-01
-4.006222008294569870e-01
7.767980808747185217e-02
-1.369954060568551180e-02
-4.005299044471024583e-01
-1.532994752911929770e-01
-2.199256646407140026e-01
-2.060023749897632150e+00
-2.237322397550328468e+00
-1.591940494628236502e+00
-9.031749933203042646e-02
-2.663377390133873923e-02
-2.883796790746020466e-01
2.891952876254784699e-01
4.190587472126677815e-01
4.926891693688934537e-01
1.715884675054090702e-01
-4.173699506086102073e-01
-5.803132380136283297e-01
-2.504285998720542361e-01
-8.587519901991822469e-01
-2.308313679277696817e+00
-1.477726894629084908e+00
-1.297583503675601380e+00
-1.052329024748217101e+00
-1.773203074564982273e+00
-2.540068798625150226e+00
-1.781534038023047772e+00
-2.182184203063539663e+00
-2.488083422705998249e+00
-1.274296021788888789e+00
-3.555470828271456996e-01
1.792248538252527723e-01
1.856970765435305981e-01
3.477340259133830935e-01
2.783618683238711644e-01
2.122495341454323503e-01
-7.173524631328479506e-01
-7.227070515369360404e-01
-1.104167613759260147e-01
-1.415051527989801342e-02
-4.845150214416523715e-01
-1.838461381256326632e+00
-1.084165123566707800e+00
-1.265491326856715837e-01
1.505092357728261276e-01
5.438382280932871904e-01
4.870533882519060276e-01
3.157973496199656949e-01
5.663254606734569041e-01
7.622083387382934117e-01
9.131472142589848184e-01
8.098081140394148836e-01
4.004829355740541219e-01
6.371876019344919762e-01
7.397078759241595414e-01
8.459932146481097259e-01
9.922096047412892750e-02
3.608620290346691295e-01
4.713653698316668805e-01
5.253261469707485309e-01
4.410801897766176705e-01
3.373731592796059275e-01
2.166903494331433033e-01
4.883185876097716482e-01
4.298008388576496919e-01
1.902006008036896123e-01
5.550102370394506268e-01
-9.634423493897117247e-03
2.434686809241551619e-01
2.114654308570784180e-01
3.836786807364667845e-02
3.781810514202332829e-01
6.195469818502875592e-01
5.832932125585807981e-01
1.632114126501647278e-01
-3.383393739272431699e-01
-3.703042445563511226e-02
-6.590572576259172699e-01
-2.092163825514905540e+00
-2.570193276402367388e+00
-1.123654129585144101e+00
-1.323916807735376011e+00
-2.584441352091122468e+00
-2.991166855694162408e+00
-1.030835591221310743e+00
-1.550924210463584252e-01
-2.930715053385555269e-01
8.985939206000466417e-02
2.747422408374186054e-01
2.510069457612873478e-01
2.454482391636306216e-01
-8.169675753260368101e-01
-7.534386499765607370e-01
-2.091554836884674529e-01
-7.283009266487969202e-02
-2.474688084357103968e-01
-1.156941670057193700e-01
-5.464804974752894839e-01
4.191835050871738078e-02
8.146954453478356950e-02
-6.745691021732390658e-01
-1.761334222359098867e+00
-8.324038225823415793e-01
3.844546150936709594e-01
1.976821519473960231e-01
2.585707434109463243e-01
4.499316070867122042e-01
7.262073815486156381e-01
1.967175975802324395e-01
-1.273248657436705900e+00
-4.699892795939040191e-01
3.251421225578068896e-02
-1.243132079733320960e+00
-2.711601761323017001e-01
1.665094872920194480e-01
-6.588706822355841486e-02
3.063633398165263033e-01
1.940868709829166872e-01
1.931102859065364497e-01
3.713822972808131229e-01
3.211092539125681711e-01
2.469645506873412444e-01
4.523185265954234036e-02
4.503421418152616651e-01
-5.391834618445308716e-03
1.035151702114834454e-01
-1.297574016392855079e-01
1.092992032252768086e-01
1.957619070449709842e-01
-1.383150218138085918e+00
-2.500218519703321096e+00
-2.491097306960270874e+00
-1.004861199609751843e+00
-1.482790085413991044e+00
-2.729864461012899701e-01
-3.005807109261540155e-01
2.625296082294018563e-01
5.694895275793777217e-02
2.064952980834658947e-01
-4.008679456794293772e-02
8.347389456195468405e-02
3.615962320604727831e-02
1.696909921304241009e-01
-8.463377600695840552e-01
-3.555511118679567373e-01
-3.972575415492117790e-01
-1.212019797230690976e+00
-2.279759834713034117e+00
-9.137152514885487076e-01
-2.877999212769492554e-01
-7.151627007019469850e-01
-5.516241818146594422e-01
-1.951949099656024922e+00
-2.345805398647513584e+00
-1.503487174305537133e+00
-2.893718262763337323e-01
-3.881157060578394602e-01
-1.276835713235280334e-02
-4.551501881009203943e-01
-3.859338800564370286e-01
-2.408719653863329868e-01
3.380021848902970902e-03
1.241232964462710975e-01
2.015099675520758138e-01
-1.232023994549139800e+00
-3.732458067521672307e-01
1.917136888831473818e-01
1.036124006776712875e-01
3.437372275545003686e-01
-1.877899123593916031e-01
-4.770118086292550186e-01
-6.474084742174299745e-01
-9.246346056978165251e-01
-6.432758588057307936e-01
-4.698765425933528750e-01
-3.791926500647002096e-01
-6.393650440510937338e-01
-1.819116008387875183e-01
-1.962056029576744187e-01
2.988922027177355889e-01
7.611036991728608037e-01
7.242118429807207214e-01
7.975387067509975836e-01
6.062733977561409748e-01
8.050905119133502374e-01
5.609130656770064949e-01
1.698409319576779652e-01
2.795859723129166807e-02
9.157524107039338723e-02
-5.906174983460720229e-01
9.092363253819275848e-02
1.469721374307185295e-02
1.236009945895418238e-01
4.944595504678381825e-01
4.678643039662239156e-01
-1.256474581058312223e+00
-1.792547321938064986e+00
1.399650425943337051e-02
-1.110445250925158112e+00
-1.227910168125639911e+00
-5.589645370979727801e-01
-1.017592673843062068e+00
-8.386598878558982895e-01
-2.339633191552280000e-01
-1.487226550148649518e-01
-2.426151820142499471e-01
-6.668050713496134208e-01
-1.025889152761646717e+00
-6.621677770099442251e-01
-1.855679310513561164e+00
-2.566743727144582543e+00
-1.779726617301642833e+00
-2.718782486665887177e-01
1.978848166349596593e-01
-1.913438643541697654e-02
2.075064841894665446e-01
3.000587529866049485e-01
5.428165374637375917e-01
4.186938279213371361e-01
-2.136600154025501408e-01
-1.265964270758684229e+00
-2.108056658583874476e-01
3.102133699878172890e-01
2.519067576459758651e-01
6.558816021762869930e-02
-9.110798192390395789e-01
-3.131281780048919550e-01
-3.055430975307517616e-01
1.652352385741732987e-01
3.956995598461823249e-01
1.201067177310244927e-01
4.758810089342794813e-01
3.642389612866542836e-01
3.081597577250668185e-01
-6.039404215764812567e-02
-6.810356648196832507e-01
-5.347403139724362653e-01
-6.768208871279461913e-01
-1.092169777591676938e-01
1.250078760932665234e-01
4.707878729877684187e-01
1.526810223274771283e-01
4.808215884564626119e-01
8.140591772759535605e-01
1.023939783685414495e+00
8.270784298314201033e-01
9.495777001924841088e-01
1.145016774710353236e+00
-3.190126821964022197e-01
5.842736503790068037e-01
5.167953614842003551e-01
6.608430944946886987e-01
3.235566796580629512e-01
1.136035637043596724e-01
5.079659197722746766e-01
2.050971423754069933e-01
-1.211941093322190799e-01
-3.415736644158296476e-01
-1.736279506042255616e-02
-2.305841851188995761e+00
-1.576924924686412766e+00
-2.200584643886930314e-01
-1.974556296742672190e-01
2.873836397085040573e-01
4.319373586521163544e-01
6.299221621756834200e-01
-1.013937516130017702e+00
-2.338427842938811452e+00
-9.109348028379553597e-01
-1.530632388825034607e+00
-1.678265558043021244e+00
-4.889359639898870347e-01
2.835702870335453651e-01
5.667861121349527798e-01
3.668842668407081842e-01
2.107254121150247683e-01
-5.024224972097222075e-01
-4.152493591704983777e-05
2.941390704480177920e-01
3.005338611897920842e-01
2.329186626592422982e-01
5.011718574174807150e-01
7.389737677259426984e-01
3.676465230827286601e-01
-2.132896918242773165e-01
1.947171515643730533e-01
-8.776480982086576343e-01
3.175368509901174002e-02
2.575531232513772473e-01
-2.578184954670183909e-02
-6.237162635071041850e-01
2.747358598896779691e-01
4.298850979838635400e-01
2.093392753198658474e-01
-5.246872223181393569e-01
-1.049700206161487959e+00
5.263505781834492137e-01
8.993825872122795939e-01
-2.194532470471122487e-01
-4.826833978108251988e-01
1.655043494849918195e-01
5.897313461572655235e-01
6.997485891194082930e-01
5.260819068566643386e-01
-4.759707634495281559e-01
-1.970547507786336583e-01
-5.672568512827379228e-02
-1.216041506962133034e-01
-1.476182073413210505e+00
-1.796905987695694706e-01
-2.730657967536613828e-01
3.149242771387381623e-01
1.114852038564583814e-01
-4.496219517504077556e-01
-1.190910632885191278e+00
-1.198895561023467365e-01
5.438180797365826935e-01
4.999811824210778077e-01
4.004223208290949021e-01
7.555031642667185965e-01
1.058129900600316642e+00
-2.103465235617830720e-01
3.410123415904820487e-01
-3.475731544472111523e-01
3.002689205310287157e-01
-3.289807132541442414e-01
8.682462741823834262e-01
6.319412165380433599e-01
-4.348957883653664647e-01
2.729648008307377638e-01
3.208587631628299630e-01
9.101342996913411310e-02
2.985422854028121353e-01
-2.942836986512843978e-01
7.968829683448936940e-01
1.067669144304062012e+00
4.793892387954377249e-02
-5.288968214498714904e-01
-6.891803122719563079e-01
-9.118396340370857889e-01
-5.587344216875567149e-01
-5.788569593093768617e-01
3.588241215004807361e-02
3.368299319368277950e-02
2.708605940048119942e-01
1.546191850957089053e-01
1.091670442555350562e-01
-4.427895305429128681e-01
3.626946240497794793e-01
2.173677320545519542e-01
-1.903308744785951745e-01
4.050395313783191620e-01
-3.285068066048375118e-02
5.950192897344006582e-01
4.186779838008594656e-02
6.208946865465284626e-01
-3.473352058938833364e-01
-4.850835189225854438e-01
9.531666565320842666e-02
9.093750563680451371e-02
1.369250612416317292e-01
-2.089970828398461100e-01
-5.044723199436639272e-01
-9.580042695331777991e-02
3.578201535273683453e-01
4.609564807226738115e-01
7.389430050390756177e-01
7.210158191337681099e-01
3.538005920310690611e-01
7.077543096428987601e-01
7.717215843162568145e-01
1.126605974429804036e+00
7.352408438680065883e-01
8.283370679440357209e-01
-7.736860966709512288e-01
1.191057413788298158e-01
-5.410466533409138412e-01
-9.646249329132979000e-02
3.397527679132857359e-01
5.710628356936665595e-01
-9.648332435462453338e-02
-6.863946747578228980e-01
-1.506600399564678394e+00
-6.303365098905845398e-01
7.039914467559309219e-02
-8.195550231500169092e-02
1.650208475832757038e-01
3.875353478746901281e-01
-1.934259818759627714e-01
-2.442981368620599780e-01
1.585697551761755877e-02
2.618451663608422075e-01
-5.934370311010542243e-02
4.835077114088911499e-01
2.642422155628600944e-01
1.023557173422020572e+00
1.016468498780570995e+00
1.003298394535732108e+00
1.046257845847606172e+00
-1.008842057710304108e-01
-3.287252484749880743e-01
-2.574972158419085999e-01
6.835978257186656193e-02
-1.956139247747909482e-01
3.907674455696465987e-01
7.089570603190273879e-01
1.010516014030606202e+00
1.164085942034117860e+00
1.146682490820222888e+00
1.153909791705079124e+00
5.780697180295849558e-01
1.046524796384933342e+00
1.027576501015540655e+00
7.907086961353989585e-01
5.725370452122757747e-01
5.656567635729059518e-01
3.362227483173034770e-01
4.058281698612852262e-01
6.626690259643474024e-01
-3.293630251924327679e-01
-8.680759896413767218e-02
2.089764317505253266e-01
-4.038731793869518860e-01
-3.057921912779253404e-01
-4.224818264961204828e-01
-1.920828021697817412e-01
-7.571006524676784366e-01
-1.817093331467998507e-01
3.919713747028477635e-02
2.708619567983656662e-01
2.786616213214286875e-01
-1.800880988292607454e-01
-8.971715002290403529e-02
1.780865064623794458e-01
-2.953164940877260336e-01
-1.156539805580887759e+00
-1.576595336607518494e+00
-9.130794085097851953e-01
-7.488100958192124290e-01
-2.779187366865797371e-01
-2.190557137512928465e-01
-3.765806996578359711e-01
-4.472501831528282734e-01
-5.095089161423184132e-01
-2.979182365768078822e-01
-5.776215378092124791e-03
1.580920163397561973e-01
4.246234985527326811e-01
-1.082579895662449249e-02
-2.439866991372246358e-02
-1.809393183396506427e-02
-2.722340453688317785e-01
-1.707894777459396662e-01
-4.828415875379561961e-01
4.572662076180488699e-01
6.148244369795201614e-01
5.619698261902951186e-01
6.076046198627935713e-01
6.283524285245690733e-01
3.209328083297849354e-01
5.589552600584057895e-01
4.185730644524481292e-01
6.687946062738630015e-01
7.978554583414219081e-01
5.257190847400762257e-01
5.122362468585901496e-01
5.824090295246219240e-01
4.077087657367332585e-01
-2.422325698411075812e-01
-2.614380133746848633e-01
9.457062525301340727e-02
-3.035983251653273651e-01
-7.381531839324584343e-02
-1.689717202417512221e-02
-1.411602536941527708e+00
-1.447588012191993068e+00
-1.903837003649573756e+00
-2.117424906080162650e+00
-2.064085438296619834e+00
-2.583821554603459969e+00
-1.822665180113848704e+00
-5.863697884445755459e-01
4.818619441750101456e-02
2.025011856385683096e-01
3.984107582463234931e-01
2.792429967708271454e-01
3.941335704824858177e-01
5.869808572057777507e-01
6.871882113936426117e-01
5.175321007006551399e-01
2.941244301258852945e-01
3.234330486074967204e-01
5.674109286519003065e-02
3.635838697665566555e-01
-1.489660570224181357e-01
-7.661764744328274090e-02
3.909282024874363159e-01
3.350326693586497262e-01
2.181196970874431373e-01
-5.253392628879892667e-01
-1.798580443420101649e-01
-4.748351430068552953e-02
4.679881280635368457e-01
4.719405954385884616e-01
5.172329658590523183e-01
6.247840106001502081e-01
5.146125879631762157e-01
3.756288922469425140e-01
6.165828057398383688e-01
5.366367964656025835e-01
1.075230097266652307e-01
6.116830746376875072e-02
2.831499069979830363e-01
-3.796780248686957848e-01
5.579097612340513934e-02
-2.611535470985296703e-01
7.023689222395580745e-02
-5.801426545163681503e-01
-2.758000342469857924e-01
-2.936173854366786462e-01
-6.547620043390673938e-01
-3.106964431199027432e-01
-1.225097161217972630e+00
-1.726533184267540433e+00
-1.255391384623078865e+00
-1.715602292598628065e+00
-1.385819997682053550e+00
-1.369743338956973755e+00
-2.245389347982052364e+00
-2.343767733669192666e+00
-2.385561417678220497e+00
-2.930775942908147691e+00
-1.697482359241368810e+00
-7.253344065794490314e-01
9.677898918098622183e-02
-1.332139307672108641e+00
-4.004048310238372821e-01
-1.439869053379917885e+00
-1.710964238761823131e+00
-5.834515597420124600e-01
-2.070938490488179795e+00
-1.376100144622125709e+00
-5.904194714080986950e-01
1.617423794279879423e-01
-2.446122761505936105e-01
-6.832542254093727507e-01
-5.110410659982440595e-01
-1.300217971648991444e+00
-1.313478770820003749e+00
-1.021360052215105396e+00
-7.642762096131520133e-01
-8.603841390992625904e-01
-3.868996698406412249e-01
-4.075165024796038871e-02
-7.612394957263798889e-02
-2.316240334801631939e-01
1.179726653891932653e-01
4.782346633479183651e-01
6.014572671131931392e-01
1.835638204357450676e-01
9.649059222201555874e-02
-6.915418951866481034e-02
-1.306071155236729342e-01
9.467836567615620091e-02
-2.668804067770148836e-02
-1.728504158225051102e+00
-1.974956591536915607e+00
-9.997148538483208169e-01
-2.160193935308535318e-01
-4.425443284816713008e-01
-3.071180458126739898e-01
3.047451267055829582e-01
3.072403409484338876e-01
3.773208434009791556e-01
5.463025262438359064e-01
4.443016571805180615e-01
-7.138776460537796797e-01
-1.426736749464836862e+00
-2.930147452972422517e-01
1.509941943911358997e-01
-9.092129060424876119e-01
-8.285649940207542308e-01
-1.163240313047086749e+00
-2.027646537944042482e+00
-2.093135578351355885e+00
-1.326697499435542049e+00
-1.316639749691532302e+00
-1.183212405823607316e+00
-8.796957574163210003e-01
-5.293671365577437005e-01
-1.549756827056741615e-01
2.230508833270289371e-01
-4.095579969198722692e-01
-5.802543964580954006e-01
-1.198844837430468768e+00
-7.230306119034400902e-01
-1.088271370390166526e+00
1.648316135248652226e-02
-5.604584466987528463e-02
-6.394780887082276433e-01
1.414538385951646937e-01
-1.100903932811455821e+00
-2.308262574323368954e-01
3.231609515609916716e-01
-9.162577532543096925e-01
-9.658113447509431015e-01
-5.504337787031206020e-01
-2.188253328254601282e-01
-6.324751209098981031e-01
-1.693557554828027056e+00
-1.002918395656708483e+00
-5.286665410911712826e-01
-6.409498139947430451e-01
-7.318904994027612965e-01
-2.326573395497892882e-01
-1.374275290278398565e+00
-1.738105275295267038e+00
-2.442327978467302430e+00
-6.150250946723260226e-01
-1.612626441503811278e-02
3.985104295050556633e-01
7.838007683822977301e-01
1.518407051464663871e-01
-1.084512203073437764e+00
-2.168750684604268120e+00
-2.293496120502402036e+00
-2.899913378981142653e+00
-1.474756597449870643e+00
-1.253029579393219350e+00
-1.032390660999561893e+00
-1.307390444333180080e+00
-9.246568896073426025e-01
-1.558744547642469502e+00
-9.699067514579550187e-01
-1.727093116229137415e+00
-1.312991319405465873e+00
-2.114694031076320424e-01
2.066849498683409891e-01
3.186766601116537007e-02
-2.735695630156482205e-01
1.673279211586011506e-01
-7.649567714922955730e-01
-2.865922006325745119e-01
-1.531112071932141383e-01
-5.877100152930863075e-01
-9.708162184647415316e-01
-1.276274548787316387e+00
-2.374921053547605077e+00
-2.293148758243268581e+00
-2.286545097557775463e+00
-2.335328730126328800e+00
-1.933323030672324361e+00
-1.153491437326814362e+00
-9.248594629084596619e-01
-5.960372211609132886e-01
-9.640312448284110713e-01
-6.575036033740001562e-01
-2.225114223578418260e-01
1.062937969197340904e-01
-9.457490598391227188e-01
-1.285550780134483428e+00
-1.696019966056214967e+00
-2.003222787479470135e+00
-9.805318708779166004e-01
-1.287126391048443175e+00
-1.844017191053112903e+00
-1.460588136977683194e+00
-1.924144067583333229e+00
-2.260652510925714953e+00
-2.112419842774247769e+00
-1.666708595318868280e+00
-1.283233207487002758e+00
-1.676189185736429277e+00
-2.267065815839244713e+00
-2.049474187869712249e+00
-1.195319653749884692e+00
-8.207495470755203915e-01
-6.680753674401354036e-01
-9.170207965643185632e-01
-1.801106314173747336e+00
-5.066651968097218850e-01
-3.640852035068029569e-01
-1.628112193188764323e-01
8.955918014218921391e-03
-2.251228047420878453e-01
1.859971731099734904e-01
6.021510561112023430e-01
-6.795006206396436710e-02
4.456864672835345043e-01
7.966813693406809005e-01
6.720353403495009648e-01
1.149241735276291809e+00
1.301059558495184287e+00
1.247064125355049402e+00
8.483760332801663084e-01
8.940539447124474792e-01
-2.663433228189677759e-01
3.217124954736698683e-01
-4.697836580144406637e-01
4.555124062865055778e-01
-1.576385356187981479e-01
6.983182456074657485e-02
3.831685068308660069e-01
8.664564231505536007e-01
5.946123768858782022e-01
1.156657584906375241e-01
-6.616524585758777610e-02
-8.470978430810198745e-01
-2.805451437930879810e-01
5.000062438528012354e-01
-8.986092266923116634e-03
2.912826264619532424e-01
-1.014722676485161068e-01
3.016959694628872923e-01
6.824668999884990761e-01
7.438604262990439198e-01
6.165181145565012955e-01
7.248442120983021875e-01
6.596782905400280228e-01
7.392028988079575313e-01
4.182401149823858355e-01
7.590526519627849300e-01
7.457819696866599957e-01
6.214694812247569811e-01
-6.889152895322987469e-01
-1.271642774390369102e+00
-1.746976391626117397e+00
-7.110150375351538266e-01
-9.237605204467382869e-01
-5.273835914627581500e-01
3.120325347331127097e-01
3.882189065794021676e-01
4.288959383187536112e-01
5.360554548710252387e-01
3.470444972314978838e-01
1.125332916805204642e+00
9.722728585601372320e-01
4.722255723918510339e-01
1.141846419881340502e+00
6.503979994439441636e-01
6.753433115197936543e-01
8.557384028929022612e-01
1.200035765265974330e+00
9.237481899776973648e-01
4.607760921117785013e-01
7.700144559232388053e-01
-4.404337708807481988e-01
2.179051814287031319e-01
5.689333399505742683e-01
7.141977562451302664e-01
5.051666522990466701e-01
5.078467560084251042e-01
3.258210665325040334e-01
3.307870459933928697e-01
3.141366084533720460e-01
4.754445047478680353e-01
2.709907465776865143e-01
9.121261279854450121e-01
1.017109761200963192e+00
-2.443185328305245707e-01
5.771701397738123740e-01
-1.139907033135362013e+00
-2.502638517548295694e-01
4.720265439710906730e-01
7.999621032088690686e-01
7.207516266980916742e-01
1.084698492264107861e+00
8.797979877793664638e-01
4.319964256156146043e-02
4.748374768118768241e-01
1.146059254483589473e+00
1.190218856952514948e+00
7.892128782677276799e-01
-1.474098380460643898e-01
-8.041633508585154244e-01
-1.927020897943562350e+00
-2.220979226089292879e+00
-4.602886213996892906e-01
6.604799147545888927e-01
7.123402556466892355e-01
-1.010283726638004254e+00
-2.178471377337568349e+00
-1.789120325368408038e+00
-7.635733353723983541e-01
-5.995941700130625884e-01
-5.046133765989648801e-01
-3.568045298039241309e-01
-5.315703119275099198e-01
-2.522452905371230791e-01
3.317384073128784583e-01
2.257378309560089114e-01
3.537805785508594258e-01
4.051881542695306981e-01
3.822041801596309796e-01
6.928875871123362229e-01
3.839206613787940481e-01
6.195800763755674456e-01
9.399713830748543941e-01
9.175031653439070789e-01
9.617328958110253900e-01
1.177248602580213799e+00
1.270419857549773823e+00
1.205336791976975519e+00
-8.882131793983501222e-02
-4.755044201742042453e-02
1.589762760533360852e-01
-1.356407174891079315e+00
-1.970339027295847867e+00
-2.789718669228496761e+00
-3.109108922012668863e+00
-9.953324144149540142e-01
1.128058040515043936e-01
6.630759228611741163e-01
6.856650430410626829e-01
7.971646514231279790e-01
8.543354717672770882e-01
8.587423472823021431e-01
7.831678221359360537e-01
7.310113543027081384e-01
8.142183822303954432e-01
7.769417798049161883e-01
2.274184027959332277e-01
-2.913104427030014931e-01
-1.276110745240017996e+00
-1.753965944299161084e+00
-2.097135246081181847e+00
-1.947760108040081928e+00
-1.219258207349717349e+00
-9.710143977631279233e-01
-8.545495228790447317e-01
-1.856442107846898892e+00
-1.050318329498393766e+00
-2.012132898213695731e-01
1.812313893301265855e-01
8.565292402326346588e-01
5.412645698132334537e-01
1.811599682487045893e-01
1.895910096335680639e-01
-5.919695989827323396e-02
-1.430455206475069740e-01
5.663233622426450814e-02
4.733165347858646621e-01
4.929766139256194224e-01
4.936512376104846833e-01
5.848557562435710566e-02
-6.605130305385881195e-01
5.250518471450819069e-01
7.872819462732896234e-01
1.071614547957727703e+00
1.265323110312755572e+00
1.421568976246802896e+00
1.353766087429078668e+00
1.390553444822716811e+00
1.245595701856159199e+00
1.549001552063752785e+00
1.424689654134067229e+00
1.473623184915834994e+00
1.488480035990426886e+00
1.588219494357841821e+00
1.443805885871237260e+00
1.498530465876457995e+00
1.597161618712539477e+00
1.819834363205827366e+00
1.687608330142617241e+00
1.707220350770157102e+00
1.744514214885383385e+00
1.742345140014544658e+00
1.270778463069097031e+00
1.770053356286028112e+00
1.610786813213432422e+00
1.433377878697959185e+00
1.512220127811650716e+00
1.460003087401607891e+00
1.581483879540526827e+00
1.639889497632013526e+00
1.777356003732550427e+00
1.631042894642535490e+00
1.926968330857445011e+00
1.599873267817636613e+00
1.124235359286718472e+00
-1.728071783512025172e-01
-1.878820339573572973e+00
-2.417574190660095379e+00
-1.971164034282933297e+00
-2.723075912291672118e+00
1.142159427645253744e-01
7.651298830724326816e-01
7.089921199862637691e-01
3.452883524176995067e-01
7.021898192724961296e-01
8.148164344478763255e-01
7.932005458171936807e-01
8.511168164614479892e-01
2.102051907085730753e-01
2.200704763497574601e-01
1.254320233405207749e-02
1.292011207399376138e-01
5.166206675219462419e-01
-2.848681416327450422e-01
-5.771052129262014274e-01
1.313922582440114062e-01
6.715441648179105716e-01
9.221681625251958447e-01
4.048010554665365524e-01
6.007869255752311677e-01
5.359712402480485416e-01
9.351265992753826639e-01
1.035290747132164180e+00
1.290830182670124726e+00
1.331222897320968546e+00
5.107554489980008494e-01
1.037808283258160991e+00
1.488126637602428692e+00
1.398464529792434075e+00
1.127307763487880088e+00
8.532483020720194045e-01
8.287926380518754188e-01
1.071660483693835930e+00
9.711006680300695582e-01
1.067999330618415454e+00
1.196931593550715434e+00
1.269780143474475320e+00
1.252254337831159692e+00
1.314963028330615735e+00
1.334065109759285495e+00
5.065193736759620036e-01
7.625893798382998856e-01
1.131229474670675250e+00
-1.552108396579780614e+00
-1.437250285493496316e+00
-1.242810382485182386e+00
-2.431417635132100408e-01
-8.989981889233717993e-01
2.120628323015890104e-01
4.278950067430874471e-01
2.210086068812757154e-01
9.857977861935274255e-01
9.474153120553154839e-01
1.205506451501077825e+00
1.465237349939779055e+00
1.520411165755657157e+00
1.056853651585322629e+00
6.462034889265264592e-01
5.227166694134603997e-01
-9.017689539935591636e-01
-1.579666738976678975e+00
-2.379710887470019465e+00
-2.094584498296641506e+00
-2.418308329485648403e-02
-2.005796519051207927e+00
-2.068786763575834353e+00
-7.058515170066416156e-01
-5.730538518296067751e-01
-1.772272158373261242e+00
-2.826515547123026550e+00
-2.017524661185728263e+00
-1.178297724931101520e+00
-6.274310521982098265e-01
-7.123157326450856031e-02
7.653506293462511434e-02
-2.472646305205951078e-01
-6.183019779757958911e-01
-7.578185330931370700e-01
2.708425310792146774e-03
4.748305183465024726e-01
7.769446412285263559e-01
9.456959224495466998e-01
9.187388837727947788e-01
1.033048845724383602e+00
9.559259127107742060e-01
1.047727383867373963e+00
2.832759988826634712e-01
5.293304676908602291e-01
-3.444424876253142642e-01
3.393719421074196663e-01
5.038167625387471871e-01
2.713035957605210435e-01
5.479935540664768734e-01
9.242765686315819185e-01
9.457809358806603672e-01
3.191118162739363107e-01
1.137590288472683842e+00
8.304621418936393162e-01
8.445516445764151836e-01
1.813543481743543906e-01
3.093206874440160847e-01
1.842498782213615460e-01
1.887265206097956671e-01
1.372114230769398979e-01
-1.254453160711101134e+00
-9.507962207154712075e-01
-1.894673839198235399e+00
-2.285821525833532597e+00
-1.192857067424546447e+00
-7.902629436930264095e-01
-8.258943021972667831e-01
-2.378586190722840055e+00
-7.781959590268319182e-01
-1.352693545618561810e+00
-2.350655211647452614e+00
-4.272203578660172529e-01
-1.371161050131893266e-01
-4.087594233343424532e-01
-3.507690787280989264e-01
-9.832260867415426597e-01
-9.515354862525188251e-01
8.076752993289858240e-02
-9.894560576114843631e-01
-1.323324302065369329e+00
-2.100021890408639624e+00
-1.439747486426828926e+00
-1.784374034521499786e+00
-5.242072266159305549e-01
-2.603339665609134101e+00
-9.259553221811664958e-01
-1.814182610362050196e+00
-1.763936531226762749e+00
-4.552958413284388661e-02
1.028080291163488980e+00
1.238971359460346644e+00
1.395054092197593798e+00
1.154138422524115803e+00
8.013268830322641811e-01
-3.259776464282019282e-01
-1.177273030762149286e+00
-6.335299399690041966e-01
2.662123883371502742e-01
8.135589760973536144e-01
7.675432581958625544e-01
-1.383463837501082816e+00
-3.652781891517735136e-01
4.505409232372735717e-01
6.498828110907319822e-01
1.029702494913898203e+00
1.058609697758231771e+00
1.064149040271653135e+00
1.217630506170972016e+00
8.682388017442638217e-01
1.207762014948842388e+00
9.927852340399678788e-01
8.851581867232101164e-01
8.455326087022199122e-01
8.022340554548309521e-01
-6.320021846760386364e-01
-2.257150224104688685e-01
5.032752350352831527e-01
1.068282930703682077e+00
3.936137617807279332e-01
-5.633172144348175259e-01
-2.797221807124814941e+00
-1.096585155014250246e+00
-5.484336855188801096e-02
-6.024940323216718685e-01
8.161604582746593284e-01
9.664967828841721786e-01
7.240607371739840037e-01
9.380137400371788003e-03
-1.039606556247050506e-01
-1.073271517427634852e-01
-6.184220405512155239e-01
1.854661445546605114e-01
7.954825158970116883e-01
7.882882628299889838e-01
3.537833376813814268e-01
5.488235716845509815e-01
7.040454641158340188e-01
7.269022782751037859e-01
3.221607199961383228e-01
-8.747042149749966189e-01
-4.980395803443127822e-01
-1.489395711205558470e+00
-2.185441260880525149e+00
-2.543915860084664970e+00
-7.268068776545861809e-01
-2.247135766727458073e+00
-4.272397925882462921e-01
4.223329138654857706e-01
8.781461663124823236e-01
7.457891384822126213e-01
4.720729710361183384e-01
6.241658121299500372e-01
-1.417289590186364412e-01
5.629772436141318170e-01
8.042255416733081752e-01
2.734687310999123211e-01
-1.079038266284036984e+00
-5.332705806136195381e-01
1.551890996278457516e-02
-2.235265200623173243e-01
-2.434151359824453742e+00
-6.170816127956606501e-01
-1.513206492575743578e+00
-4.370603730857992031e-01
4.379318985386785323e-01
1.210102768140133289e+00
1.072234356247679932e+00
7.904039019968222002e-01
-1.181217689404270299e+00
-5.290254747946194769e-01
5.084447393923681169e-01
4.206528988463909685e-02
-2.042069865888748836e+00
-2.848490071373902532e-01
-4.738266063394419580e-01
-1.077984118125189017e+00
2.866944437435542392e-01
2.996685002527404995e-01
-2.049673150704463431e+00
-1.784519824740794292e+00
-2.874034199474641227e+00
-2.247568511008099623e+00
-8.739349268231727530e-01
-1.091425852592314172e+00
-7.070480559840038870e-01
-5.643654558928625775e-01
-4.969565336095496111e-01
-3.753312064343806154e-01
-3.988787345719662092e-01
-5.271775125860573424e-02
-6.083803228749431469e-01
2.049669704913742452e-01
1.652849260312513335e-01
4.263813452220056588e-01
4.711877720886846754e-01
1.823062248294872734e-01
-4.637697158089990612e-01
-5.155735978646111550e-02
-4.737318846823459495e-01
-1.430338445404743641e+00
-3.120889742827505087e-01
-4.801769367061134997e-01
-5.630540066530169696e-01
-1.223047139853988829e-01
-8.440687300274333227e-01
-4.937026526016341510e-01
4.099111620052565963e-02
7.052334817316419091e-01
7.987640222145258040e-01
8.333584408032864710e-01
6.898356979309954173e-01
8.564361115976143468e-01
1.647162205134710400e-01
-1.248504583386979838e-01
-5.963172819399761848e-02
-3.763958556739173678e-01
-3.069071138638357898e-01
9.569790703923276853e-02
3.289135127187242658e-01
1.212746525375691387e-01
-4.559316195422178919e-01
-4.823887523988462100e-01
-1.653311209363736545e+00
-2.806348538319475949e+00
-2.714905683090439226e+00
-2.739824871536517215e+00
-2.625212475096324383e+00
