3.474859353086098834e-01
2.352702671697138315e-01
-2.362087312845488618e-02
1.502992156527834522e-01
3.561082382350892472e-01
2.361676634406039144e-01
-1.185441638005468173e-01
1.373006638534266521e-01
-2.875211261701931045e-02
2.755464031670978309e-01
-5.706476180251139896e-01
-6.274791327644619887e-01
-3.754287336798462493e-01
9.222840414758301519e-02
-1.412460515788658832e-01
9.159857419961030256e-02
2.670711964544965622e-01
3.713139862847547601e-01
3.298129210639262343e-01
6.449565669693420045e-01
6.330952963776141917e-01
5.808892371396037202e-01
8.142699857451041190e-01
8.273651716442430581e-01
8.714025929156735684e-01
7.602632928499060139e-01
8.621721913387960790e-01
5.441701988253043742e-01
4.168524316976421895e-01
2.942893809983335718e-01
2.668289132815000464e-01
6.213274250151281652e-01
4.669881403942948705e-01
5.656831636842468702e-01
5.148511931559707211e-01
2.678436253381740739e-01
5.715214568366533410e-01
4.361914121051255755e-01
4.151426386251641509e-01
5.801121098809910448e-01
6.584290179559105782e-01
8.936932839118044702e-01
7.189546386199532346e-01
3.723490701289293714e-01
3.683841796319034523e-01
9.085536022380186205e-02
4.173217468844930278e-01
5.817275202512379728e-01
6.290360332194616655e-01
4.790077677888054386e-01
2.913116380276590256e-01
2.357194980384320349e-01
-5.036757967224772536e-02
3.515902324844918381e-01
1.005702441460900043e-01
3.207911001003270757e-01
3.230458773357414715e-01
1.380880142017212320e-01
7.246340785411458096e-01
6.319379060043622820e-01
6.925545139851079224e-01
1.198749044860221158e-01
2.647718701464228143e-03
3.947903267405212385e-02
2.630464085308376609e-01
-8.089532638978197410e-02
4.364657248510983578e-02
-2.897676506736676094e-01
-5.406669446939961210e-01
-3.930255886253622433e-01
-2.254881282325589195e-02
-3.925643886990269893e-01
1.082715878419961662e-02
-3.103894984436209904e-03
5.079578448442815253e-01
-1.509046978185876742e-01
1.953831134843413975e-01
5.347384253840521406e-01
7.424066253953437444e-01
5.766350237927688749e-01
6.245878495944150455e-01
8.241374164167917238e-01
8.055294270343104079e-01
4.733756587343963540e-01
8.103255594911444870e-01
9.529796306774368508e-01
1.052406499712430277e+00
1.006943823450579645e+00
1.026322913562848882e+00
1.108764067794021591e+00
1.128657237660051882e+00
1.004151637395443997e+00
7.722028360180920314e-01
8.808841517294294654e-01
2.483794982876559310e-01
3.861085747464010898e-01
5.267336080518985053e-01
6.810151296624384898e-01
7.106029757780872869e-01
6.259715539849137755e-01
7.280016313395140104e-01
7.050502039481997274e-01
8.343263556634832323e-01
6.270919531519147938e-01
6.991149432705512368e-01
1.023557869266213061e+00
1.179680305893052950e+00
1.161426563326653394e+00
1.113285065699310072e+00
9.409539648140602397e-01
9.049657488728402033e-01
8.057824092424704654e-01
1.063593317793007254e+00
-4.700176681046831784e-02
-3.297586726404759805e-01
-3.808558652902183095e-01
-3.043718083824809573e-01
-2.421024938747724509e-01
-9.958617678182177246e-02
1.582264139622730215e-01
2.538173388297706445e-01
-6.921689014230516038e-03
-2.545001988527166858e-01
2.462264429233300134e-01
1.591792270362716866e-01
2.578937920216052837e-01
4.622035701716644684e-01
6.477645624015196946e-01
8.349253849996198795e-01
5.029143942656217892e-01
9.431827175280224074e-01
1.215056796498708458e+00
1.249838962610319903e+00
1.193928215222535894e+00
1.228367287346456171e+00
1.333317339833224979e+00
9.262207052508796279e-01
8.068469431559573968e-01
1.253679647234724248e+00
8.180491361218359403e-01
9.682945487659500028e-01
-1.022116777641276730e+00
-1.238718593438226545e+00
3.019673289874410527e-01
8.057587332797053747e-01
-1.178645552461567547e+00
5.781501264223758429e-01
2.968886882449651154e-01
8.126706374741577976e-01
-2.105053911710840442e+00
-2.593765927183200759e+00
-1.423951297012673756e+00
-9.474004622584988322e-01
-1.979621389969434153e+00
-1.799669218827543160e+00
-2.589987773026174445e+00
-2.108566094231097310e+00
-1.961942384870030365e+00
-1.682651793527300210e+00
-2.330246884293201148e+00
-3.309204765853364982e+00
-1.945265957362132703e+00
-6.213685794225256576e-01
-5.857664356753223417e-02
-1.195332222251638821e-01
2.470339351915074033e-01
6.852801059156475860e-01
5.395392023672731519e-01
8.233989421149028320e-01
9.128161192709699501e-01
1.079751129193683212e+00
9.268464218858557535e-01
4.067393453048471219e-01
1.077303163135141961e+00
1.204883875922502456e+00
1.068402582992167060e+00
1.046833061893419847e+00
1.316935825127712789e+00
6.967460197802350930e-01
1.108317503610439125e+00
7.350873621867010099e-01
1.137852928013674436e+00
1.123719664671460894e+00
1.061817642082518165e-01
7.421105876774582999e-01
8.548779558738499595e-01
9.417515456643200666e-01
2.493795339276907996e-01
7.387602401795057006e-01
5.266522712167264197e-01
6.856748808635312331e-01
9.750088652210140427e-01
8.404763031913894400e-01
5.329813679264279180e-01
6.546691640092622277e-01
2.819549584951547838e-01
1.266217603826439997e-01
2.476967733936349669e-01
-7.998814900973876263e-01
7.723945504864876410e-02
-2.552997737921253729e-01
1.547120289305084773e-01
2.961550042127783500e-01
-3.149382028730223770e-01
-4.773860906162722961e-01
9.456967610283219250e-02
-3.091158584085498262e-01
-1.007953816111256951e-01
-5.223460931575811816e-01
-9.976136815995410023e-01
-2.662127373757059878e+00
-1.258030112882456475e+00
-2.978398143341208226e-01
8.799008410897529719e-02
-1.258510555590499069e-01
3.520725658725162299e-01
4.021982622307302413e-01
4.563357854246253287e-01
5.181712981153845377e-01
4.721378211580052886e-01
7.083304853783746191e-01
8.715132653121403505e-01
-1.441585409510233173e-01
-2.256864384617512709e+00
-6.511590416855397301e-01
4.872382208411889515e-01
3.423600603569292300e-01
9.203532188439356165e-01
6.136229036786164937e-01
1.402155772800957600e-01
-5.739633140629162023e-02
-1.031443967710695464e+00
-2.044037375899316888e+00
-1.754474290301583750e+00
-8.739609625307117602e-01
-5.714094665385778260e-01
-5.953538938327371799e-01
4.225425898153101906e-02
1.874871145480613843e-02
1.065225239387391498e-01
4.321664052497635744e-01
5.010235822516806437e-01
-7.658368502277226320e-01
-2.032331747917305087e+00
-1.889833360496446346e+00
-1.213691727983562618e+00
-9.276321131441884749e-01
-4.676616038189874147e-01
-6.501726169143597911e-01
-1.624585534728675562e-01
4.008214146206612871e-01
7.476850296545446417e-01
2.190884305790554154e-01
3.624638848552209636e-01
-8.383731690525189073e-01
-3.703185116850008299e-03
3.913165118521992336e-01
6.006322645111649150e-01
-4.025152665826022824e-01
2.165719842685107643e-01
2.386696754609397009e-01
4.308826602698850317e-01
8.252771969789939321e-01
3.316354819028126122e-01
-4.244007249822092515e-02
1.050505720323990477e+00
1.145440251113993391e+00
6.295611739028347253e-01
5.354937821945321419e-01
-2.370875342560465060e-01
4.912141015121260224e-01
-1.773379872659938128e-01
4.409996802198896948e-02
-7.763516234543124672e-02
-1.710441185397497399e-01
-5.419526919098497375e-01
8.112575205058916716e-02
-5.723736749396568513e-01
-7.377173612195256913e-01
-9.425985879145091229e-01
-4.371808290214794779e-01
-8.384722817432830322e-01
-7.273462275175105463e-01
-9.159054577491873017e-01
-5.986267660008323110e-01
-9.478263134305755511e-01
-4.117100643453239783e-01
7.143120912645036999e-05
1.857233255534432304e-01
-1.237342916798837011e+00
-4.044425303140831707e-01
-5.959311361555794662e-01
1.236550445491679528e-01
5.991401615377242029e-01
1.645192248023352177e-01
3.285383916208198807e-01
3.013120758387586307e-01
7.679336686377770116e-01
7.910195531129290414e-01
8.345043686275850359e-01
5.024890993207977719e-01
7.489507864304746354e-01
8.827045141257819361e-02
-7.203768796118354967e-01
-1.570027783918846565e+00
-2.364662297787706091e+00
-1.226406758120627716e+00
-2.504503715587480528e+00
-3.009642366716929196e-01
-2.519993065743313387e+00
-1.503806662756750123e+00
-3.169242725751356682e-01
-4.789082793962672335e-01
-1.704517667075341192e-01
2.825014466336833174e-01
2.400419351649031863e-01
4.891149990518629531e-01
5.918016780150185951e-01
5.156055310088951682e-01
3.500431561413199777e-01
2.698992462654370428e-01
4.309244269825301399e-01
7.018476022222922550e-01
9.078795898627327610e-01
1.243892493785506703e+00
4.090973482378095216e-01
-2.242308819455065105e+00
-4.417497651464554753e-01
1.404574396348689802e-01
-2.532355583359246154e+00
-1.588876855815796185e-01
2.396119176924247363e-01
2.486026932745822315e-01
1.726005798008005687e-01
-2.328159843014702135e-01
-3.305541486904054471e-01
6.139303721604169595e-02
3.622441320301673651e-01
4.590708110977230749e-01
2.937218222345581164e-01
2.069354260054740990e-01
7.420143422624027318e-02
6.418269052659627549e-01
8.507640999353067723e-01
4.529645959965967750e-01
7.759909194743679350e-01
8.501752992922326779e-01
5.005971655924611463e-01
4.982790493394093634e-01
3.394041781502347144e-01
3.825071960454049513e-01
3.987090409859696261e-02
3.938942526695530244e-01
6.872315665374014726e-01
-6.600093897072000226e-01
-4.715147261380635557e-01
1.780780320545101714e-01
-5.399283169285805650e-01
-1.586746448282887190e-01
9.943072761247494507e-01
1.148759114664961611e+00
-3.297157183303157102e-01
2.407999770397537820e-01
6.442647011290215664e-01
3.464616181569771802e-01
8.987996509466460449e-01
8.160283348666484970e-01
4.790911752960851921e-01
5.495872183482958945e-02
7.971877058565872698e-01
1.698356022933240395e+00
3.954807279261757791e-01
6.470371221009205698e-01
8.002974562059176344e-01
8.520477522053618857e-01
1.012497341901454462e+00
7.816879565836071242e-01
1.100514617783215243e+00
8.637542283371777430e-01
2.511699050209910133e-01
-2.261838277547849330e-01
3.194329816386691778e-01
6.129719073125909912e-01
7.714113263918632724e-01
7.464786549367535828e-01
2.739252791797404663e-01
6.557002648111861509e-01
1.039542343729143781e+00
7.154477187916561398e-01
8.120108229571431080e-01
7.629626693088192857e-01
4.265572266042254590e-01
6.555798172345781438e-01
5.278802617730184998e-01
7.099621776125657480e-01
-2.644693775057484486e-01
2.830189350577347329e-01
6.814834978132334742e-01
6.961315154285001583e-01
4.888970605939704228e-01
3.715458331549516963e-02
-7.133025911410603159e-01
-1.795784307629987309e-01
2.851761587316413715e-01
6.427011348690266912e-01
-2.011041884655263012e-01
8.398752759510735855e-02
1.321913162132378958e-02
-3.305089598232919812e-01
-1.815265497072996448e+00
-1.497025939488653368e+00
-4.844257770773666150e-01
-2.413386968488367198e-03
3.181351293275487269e-01
-3.776205227375423884e-02
-6.085779023806028309e-01
-4.850407329177013338e-01
-1.321555498794000361e-01
-2.685570271233859163e-01
-1.838554678323474079e+00
-3.716810020728431030e-01
2.088039107976880915e-01
1.252657936956927398e-01
-1.237457437822935491e+00
-1.193937285505609180e+00
-1.321172446775246812e+00
-9.228734146203869670e-01
-5.474121645920464463e-01
-9.715418616477857761e-01
-1.727561989467579329e+00
-2.141869944157940076e+00
-2.375785070754042216e+00
-1.784634917898584749e+00
-7.684048333233785000e-01
-3.962604794661642726e-01
-1.008823483406845467e-01
-3.287792411495616962e-01
-3.905072203034362643e-01
-1.150520523111617788e+00
-6.836892582547927644e-01
-3.459355348617627196e-02
-7.742151979956155561e-01
-6.520176410432750869e-01
-2.470367309064825656e-01
5.783217018023519007e-02
5.042024985509013790e-01
2.588162259803680199e-01
-6.094131321875974061e-01
-1.083576858743978272e-01
4.019679940329334289e-01
7.214668257264356122e-01
6.824414282285939937e-01
6.838388604046582442e-01
6.195408823054083802e-01
6.593116421830256257e-01
7.214472659363304619e-01
4.005875493658287989e-01
6.459341311678231667e-01
4.644126904704363734e-01
2.605557051405787972e-01
-1.186160340998276164e+00
-2.044692816555498283e+00
-1.318220643198654729e+00
-1.397105735790862058e+00
-1.715403261431489801e+00
-9.290403536348332825e-01
-1.121596806671180668e-01
-7.294437767505631554e-01
-5.074041768420783916e-01
-5.674079308215170814e-01
-5.095610277084644535e-01
-2.227607417647487154e+00
-1.299173789505194465e+00
-5.961024392762640511e-01
-9.770939199840955602e-02
-2.407865781195744070e-01
-1.582750823876086121e+00
-1.418505065866435100e+00
-1.337588972049802649e+00
-2.076289701748264882e+00
-2.179834957069119561e+00
-1.513963837496022702e+00
-2.368524280511600910e+00
-2.642220030845909839e+00
-1.171118535103741642e+00
1.270396539952480253e-01
2.621954573427082158e-01
3.215281037626404465e-02
-2.084565193355862323e-01
2.918647701670331607e-01
-2.543475252619510352e-01
-5.174134651078098057e-03
5.284998430497325206e-01
5.773453629581675184e-01
4.982066270378095463e-01
7.268442158330081782e-01
4.437164072968421968e-01
6.798675327202827745e-01
5.807018410335826886e-01
4.905984694158877502e-01
5.517893585858947292e-01
9.716262057116313577e-02
-1.726617804881017904e+00
-9.362589110688707139e-01
-5.459295228302757375e-01
-1.267636906496041604e-01
-4.544535420319546770e-02
-1.231706210751298380e+00
-7.993215388878095462e-01
3.360767230554875251e-01
-3.083099927499489135e-01
5.248938110189939055e-01
8.419509631305759356e-01
-3.508174095964626260e-01
6.656354192476283682e-01
7.515796306664591642e-01
1.021759240466918461e+00
1.186755709167255368e+00
9.902243280428900674e-01
1.049694338427057172e+00
8.009390331202110858e-01
8.503937936295695721e-01
4.844507676407989183e-01
-3.448936761055231282e-01
-1.805504686073852394e+00
-1.004055387729876792e+00
1.719432832919632337e-01
7.253495649084298336e-01
-1.675659502593227046e+00
-7.154009028808793191e-01
-4.771038439832858691e-01
1.934080620987828625e-01
4.380764966768783131e-01
3.818543039004617112e-01
-1.833210701439497603e+00
-2.346645899191996953e+00
-4.006080775468721100e-01
-1.757739360057763545e+00
-1.144577904335883689e+00
-1.927922088270688228e+00
-2.962245347862936029e+00
-9.121306283143689742e-01
-4.732387808293021525e-01
-9.457389059277331311e-01
-1.075110369131417193e-01
5.211416850946340995e-01
5.077481809087935893e-01
-3.752287264720031990e-02
4.101082560274980637e-01
5.739671402003735379e-01
-1.270677108533597721e+00
-3.484629190941587740e-01
-7.381014983399017404e-02
-2.348379685418993390e-01
-6.076500128427702041e-01
-2.150964465542226645e+00
-2.785381856232904241e+00
-2.025347508673826180e+00
-1.310658988172702433e+00
-8.162201258273937832e-01
-2.760454038978777391e-01
-4.911261213126434377e-01
-2.202852922700924143e+00
-1.282657639663012938e+00
-2.791082098692934110e-01
-4.906083014920261526e-02
2.073570475479940001e-01
4.772220882347962823e-01
-1.494506671926890407e-01
-9.106821786659180518e-01
-8.566956863857256854e-01
2.675933727110270111e-01
6.600347978339429211e-01
3.502142664072000477e-01
4.997303236921549763e-01
-6.648329736452471272e-02
3.263069102822139245e-01
1.145165211373210812e-01
2.211354385203236905e-01
-9.314241829777149262e-02
-4.100598482657742405e-01
-1.646926665176901006e+00
-2.092081636782714416e+00
-2.968113954716322223e+00
-2.354111299089888476e+00
-1.225335118536227341e+00
-9.481878722057245357e-01
-1.841258279317620872e+00
-2.093997792855813334e+00
-1.140462936658297011e+00
-1.827540540722609297e+00
-2.376695369149322001e+00
-1.926207390987064505e+00
-2.331778087843536795e+00
-1.842681995639354753e+00
-1.337223928951112306e-01
-8.148831414686933394e-01
-4.122205866475838199e-01
-2.545737454309370262e-01
-8.748399416043490806e-01
2.812591813175234767e-01
-7.778334208011325468e-02
4.113351743167785179e-01
9.433312054331390861e-01
9.461673424079343198e-01
3.430930895123303070e-01
-2.202744860987703446e-01
-1.153580580238652953e+00
-3.554916982066582687e-01
4.955136572950101514e-02
2.928420161359732710e-01
1.341276200334585722e-01
-3.740763478465088943e-01
-1.138094311973852246e+00
-2.122355036460377598e+00
-9.452733989792407865e-01
-1.019774972519461809e+00
-1.022838784351403962e+00
-7.880216022482573468e-01
-1.466227134439641810e+00
-2.329985495164272891e+00
-2.942337915330003995e+00
-1.381447288289131992e+00
-8.879339492900821806e-01
-6.903289503508933667e-01
-1.876649964163858542e+00
-1.157311249375976736e+00
-2.218370517124704566e+00
-1.933727105863749740e+00
-2.122807595891646582e+00
-1.086796686179896554e+00
-1.304693701956943563e+00
-1.796750434148845388e+00
-1.678181453148798852e+00
-2.079358213504693076e+00
-7.916275819757854215e-01
-1.267987883325900622e-01
2.885470808155734534e-01
2.479271043425201881e-01
1.850033798516844130e-01
1.819284265886701168e-01
3.163524936427866141e-01
7.571503366820472869e-02
2.384843887826880726e-01
-7.741368944242591477e-01
-2.754900302934016665e+00
-1.507869045502773009e+00
-5.334165135235027222e-01
-9.591998062882255427e-01
-7.097373157025287371e-01
-7.034982670483134193e-01
-2.346011388303416156e-01
-7.999969483336843989e-01
-9.598577083984980440e-01
-1.169965315903233494e+00
-1.877109624748358296e+00
-2.676090351841820869e+00
-2.538067071351078230e+00
-2.011256381923953285e+00
-8.573687283671181936e-01
-4.757321459992601698e-01
1.222994026297297560e-01
-1.932921614380832265e-02
7.514799729557539165e-02
2.558799886148256930e-01
-5.122204457663912525e-01
-1.246935618827745007e-02
-8.629939724800284040e-02
5.071774085435835078e-01
1.740161782372967314e-01
5.966403286817012486e-01
-5.302135268621824271e-02
4.948900100908889543e-01
5.737301872270161862e-01
-5.148859601189068047e-02
3.052367938801306968e-01
4.296550325648202384e-01
5.152052383310612438e-01
-5.055695307850661679e-01
-5.788012852166038447e-02
2.878697523920005219e-01
4.170881761331535209e-01
5.246912096037354978e-01
5.568289340240197838e-01
2.752182044962769303e-01
-2.049270116108703743e-01
-3.898926982859908796e-01
-3.803308381389861048e-01
-2.612796411857603029e-01
-1.493803961749075593e-01
4.227025195289710879e-01
5.862891513331836002e-01
-1.869633192990187986e-01
-5.174102517862847472e-01
-1.907532996312508278e+00
-1.598729177622751005e-02
-2.814373161087723174e-01
3.495181897064544296e-01
2.831814049576846237e-01
1.683965419086439208e-01
-5.231319372853132643e-01
-7.485856241762399721e-01
-8.232524564229879438e-01
-1.552286589893852597e-01
-3.504408967617867465e-01
-5.728914537033567844e-02
1.904353116455099471e-01
4.530238916969819285e-01
4.356983886743891476e-01
3.187891479776344128e-01
3.878889541963964627e-01
2.453506895533063004e-01
2.665336347767673919e-01
3.982594303580191952e-02
2.805970458516681698e-01
2.789005664530821438e-01
3.383662039774601449e-01
1.806357844468142460e-01
-1.968191326897428262e-01
1.868279063458570532e-01
3.838947797226082148e-01
2.171816575898264379e-01
1.630172788641207626e-01
-1.007322578496600528e-02
3.835062783133567077e-01
-1.875294432970941172e-01
3.367500485696907353e-02
2.740613026508758043e-01
1.461129011607924244e-01
-9.042981246893517788e-01
-4.062052028535704240e-01
-3.136436408104819606e-01
-1.126609080446756006e-01
-5.978386287864655146e-02
3.145269492706041781e-03
-7.391463102068032698e-02
-1.509714105626408856e-02
-6.933484419936271348e-02
-4.998648207226721873e-01
-6.295573328645194255e-01
-3.322375873729396245e-01
-1.221961346431228446e+00
-1.850952193924581546e-01
4.707925908889756261e-01
4.449183633968387674e-01
-1.860510564212055629e-01
-6.524568566188000407e-01
-1.328192174154273708e+00
-5.713118853094422134e-01
-1.349450245974569695e-01
3.632506136150259052e-02
-1.542294196606927847e-01
1.274585221636348464e-01
-4.196092772873674104e-01
-2.162668088609348782e+00
-1.716115917904500243e+00
-6.496182425954217798e-01
8.911979453859936173e-02
4.977753060455309547e-02
4.099251491231964972e-01
7.566604045358239772e-02
-1.484290266395257851e-01
-1.710726377887213379e-01
3.918569700605624428e-02
1.489141512194324946e-01
1.080549450304827130e-01
-5.262888894015942398e-01
-1.191898114375736561e+00
-2.366663267825321049e-01
-3.915326105586849903e-01
8.122579968771749537e-02
-9.771742746668124827e-03
-3.947006767264006899e-01
-1.479505872790701504e-01
-2.173214293974874423e-01
-2.058869211070970984e+00
-2.251622343391659342e+00
-1.588162016918083896e+00
-8.765467317770619937e-02
-2.521284770503494019e-02
-2.874731541555644032e-01
2.926415254219421613e-01
4.192970383791597699e-01
4.908230196222709840e-01
1.692351663294380248e-01
-4.226386801832160423e-01
-5.895852915063599653e-01
-2.577905246780130000e-01
-8.579582543069863565e-01
-2.319462170068945284e+00
-1.486841175651853364e+00
-1.302493210264409118e+00
-1.047359517514898641e+00
-1.783784772092486204e+00
-2.563508537701728596e+00
-1.795053403712491003e+00
-2.195059052961036983e+00
-2.481307823824469239e+00
-1.270571656316163756e+00
-3.591248141674799887e-01
1.752798357267019158e-01
1.782463638926179705e-01
3.461484505332845796e-01
2.745501283564100170e-01
2.057038323270575508e-01
-7.143134779323238037e-01
-7.302234987320407322e-01
-1.169535649610760203e-01
-1.774839239702222585e-02
-4.921333771640457599e-01
-1.839660776205057635e+00
-1.088742535602190031e+00
-1.330551075708794884e-01
1.456968288114564580e-01
5.370962761237133565e-01
4.912275731025655956e-01
3.145896524895124280e-01
5.624576626401497359e-01
7.579367003096089128e-01
9.087825844921748608e-01
8.073544305135964549e-01
3.991579315774092529e-01
6.372394157911417389e-01
7.392221152806901507e-01
8.453672220366923451e-01
9.804885067606924909e-02
3.580263162133926480e-01
4.723754270224833629e-01
5.252099659658250319e-01
4.434432302163296979e-01
3.333106851204000187e-01
2.164880866844199614e-01
4.859780631049442912e-01
4.256664696653162383e-01
1.846569677733544967e-01
5.550164359708813500e-01
-6.564712123755523515e-03
2.403809272212780734e-01
2.073963258166345858e-01
3.217234532902364663e-02
3.713138034042817726e-01
6.135621318935664537e-01
5.773348384577394743e-01
1.626950917234208094e-01
-3.382664025645460426e-01
-4.165222937839092171e-02
-6.584905166245289543e-01
-2.102170632432098785e+00
-2.595560174756056604e+00
-1.132836950352669403e+00
-1.324780183054709015e+00
-2.600146600677571307e+00
-2.985904985947466450e+00
-1.034366171243765065e+00
-1.634611151870968837e-01
-3.023151935262672896e-01
7.899811227189047769e-02
2.635938853357358003e-01
2.460740409399451711e-01
2.334804370475246638e-01
-8.185009250532142566e-01
-7.547502418622258347e-01
-2.128213831793012711e-01
-7.772318051054545596e-02
-2.538338052837918468e-01
-1.171661444513296402e-01
-5.485395292122419164e-01
3.763477055910732783e-02
8.036704105223513306e-02
-6.772481867806577904e-01
-1.761240211257304011e+00
-8.353855315983421681e-01
3.769100857361813439e-01
1.951426489957779897e-01
2.511224010360244563e-01
4.460697210954636116e-01
7.213268044326364148e-01
1.852362599626840300e-01
-1.277844700799002586e+00
-4.751874368064946119e-01
2.970767443269077546e-02
-1.248032002450820688e+00
-2.757831295567989560e-01
1.646463122474869090e-01
-6.443247328712171929e-02
3.005747111359027279e-01
1.903276312147209048e-01
1.938137370114082769e-01
3.619574546723530184e-01
3.217289173184542661e-01
2.418483817149862103e-01
4.781639516603393425e-02
4.443394637004666747e-01
-6.212473065234175307e-03
9.984086142032090605e-02
-1.325017994754691952e-01
1.058826714543685821e-01
1.924768193499594438e-01
-1.384625663336956469e+00
-2.507621139117484965e+00
-2.494815078635769900e+00
-1.001573335806378307e+00
-1.479253633771687504e+00
-2.782332496459335447e-01
-2.996380792721699549e-01
2.619099145842436194e-01
6.033442988315505101e-02
2.070035236659271694e-01
-4.012565648062992041e-02
7.997142299148589373e-02
3.099061245488100511e-02
1.640648519675830808e-01
-8.469220824069474407e-01
-3.571831038841693506e-01
-4.014811033609066437e-01
-1.201028958717736739e+00
-2.280842971814879494e+00
-9.213650068900745005e-01
-2.834891609969397153e-01
-7.174999059272515467e-01
-5.551547567037014019e-01
-1.954601643994582805e+00
-2.363154655186683328e+00
-1.506099431853066495e+00
-2.956875420320385639e-01
-3.873587305327782504e-01
-2.148098729239656876e-02
-4.641477319951792802e-01
-3.865273938408845811e-01
-2.366057820741020168e-01
-1.650848924605454598e-03
1.177075177472581835e-01
2.060446601866664784e-01
-1.224912170486794682e+00
-3.719268672847202417e-01
1.851590901195395988e-01
1.029707894259748874e-01
3.342803719956568553e-01
-1.878378734049525323e-01
-4.753269130724945279e-01
-6.503660746080072164e-01
-9.252005796388190761e-01
-6.476526119551704319e-01
-4.761912227129871944e-01
-3.859049974108259007e-01
-6.463751013311214155e-01
-1.900514935563896446e-01
-2.000146373844891301e-01
2.915708502289307003e-01
7.594029161744098033e-01
7.285820354318797154e-01
7.997529952274083920e-01
6.099990203629037655e-01
8.081827273811625911e-01
5.539905958988096124e-01
1.642264577701528228e-01
1.901607710194911857e-02
8.445049339037095926e-02
-5.960388408463074272e-01
8.860676976109972680e-02
8.136218932184902802e-03
1.200117199146190083e-01
4.940225163019251742e-01
4.655680400848764000e-01
-1.257409961272385690e+00
-1.790181332788468582e+00
1.273629415272021191e-02
-1.112674875126380636e+00
-1.230377257300004024e+00
-5.553161603493087517e-01
-1.021297267847210533e+00
-8.521924658913880846e-01
-2.448207123785841044e-01
-1.465691794193801911e-01
-2.449102617310401353e-01
-6.705553781464855811e-01
-1.030502946036382594e+00
-6.671641433775346020e-01
-1.857689110388669906e+00
-2.576794554540006388e+00
-1.783157979471755139e+00
-2.793730756895616563e-01
1.928979403317001018e-01
-1.699455008655645014e-02
2.070387958671962569e-01
2.968127101419052449e-01
5.412234980515375771e-01
4.224994426997915609e-01
-2.138602058369810932e-01
-1.257337651052576666e+00
-2.077222105049036371e-01
3.062586791722223811e-01
2.470095340081463475e-01
6.060530424142724498e-02
-9.066083043903845340e-01
-3.159438550558503200e-01
-3.096134196412729245e-01
1.637395157542168300e-01
3.957805810627657572e-01
1.206221530380714585e-01
4.751850232930031059e-01
3.663696087851096017e-01
3.030485749766120840e-01
-5.958948952522597625e-02
-6.836665575402811612e-01
-5.367722617758717840e-01
-6.730030239057830377e-01
-1.077872208118974967e-01
1.268493324356857743e-01
4.725013291373087454e-01
1.577391020352558459e-01
4.873335190882277512e-01
8.189909382535517368e-01
1.030429406764929112e+00
8.324581744849310905e-01
9.545284130822404567e-01
1.153113184276128411e+00
-3.196432395502082358e-01
5.900136923855624493e-01
5.186099715923624398e-01
6.601883369721401884e-01
3.236331823495033899e-01
1.107339018952514520e-01
5.076606568505150907e-01
2.095337493450099009e-01
-1.152528038756269191e-01
-3.400282063095355634e-01
-6.680015855491725288e-03
-2.309498763410208877e+00
-1.577604236719871933e+00
-2.136199798712731523e-01
-1.974232411763693629e-01
2.947322375798571703e-01
4.417356710601791914e-01
6.354101078069259723e-01
-1.010023557455290932e+00
-2.347446798606585006e+00
-9.092782589222889733e-01
-1.527857592133537112e+00
-1.676109346061997796e+00
-4.970722451936443465e-01
2.776767364948260486e-01
5.706100682893040510e-01
3.776937370856968679e-01
2.202467686142773329e-01
-4.955670708167760341e-01
7.317751572686355746e-03
3.041775191783145371e-01
3.077195696833428529e-01
2.355267696236848507e-01
5.063524788840398916e-01
7.439781883553245878e-01
3.707956076380605204e-01
-2.055660808514290505e-01
2.017745692608153285e-01
-8.737529857204622274e-01
3.467580794980852643e-02
2.600271945629335502e-01
-2.369432790030290281e-02
-6.207996088304806870e-01
2.769276881422857994e-01
4.324065579873750398e-01
2.092309288976122450e-01
-5.292707966271292808e-01
-1.057338305951304402e+00
5.304726571296946025e-01
9.022424575918199796e-01
-2.210030384410794080e-01
-4.769946497652011175e-01
1.677049441793967699e-01
5.934343620310476020e-01
7.045200185255263703e-01
5.353457249559518960e-01
-4.674317518673585248e-01
-1.935898102334393800e-01
-5.059256535899828156e-02
-1.181834870136388715e-01
-1.473665513116857229e+00
-1.669217684726289341e-01
-2.697569797664522984e-01
3.204063689376415724e-01
1.114564984605829895e-01
-4.479600085302483659e-01
-1.194525081415674705e+00
-1.079245259550198344e-01
5.439263854969041967e-01
5.140184182582353545e-01
4.083974299849195688e-01
7.624152885693800119e-01
1.067177711158826980e+00
-2.124743654094863321e-01
3.441813224496854118e-01
-3.482341237622170738e-01
3.066668830086101138e-01
-3.315308927388539995e-01
8.663342597626311203e-01
6.410129078541229042e-01
-4.389677988585771740e-01
2.764571912190894043e-01
3.241134716071316646e-01
9.501360809570309762e-02
3.021521161909194730e-01
-2.896128837626968933e-01
7.992719405139884215e-01
1.078537740459067251e+00
5.586361779689794083e-02
-5.322216435085886932e-01
-6.927917163359291752e-01
-9.148019445457906684e-01
-5.579492377200746533e-01
-5.830702747349929549e-01
4.383119329182109947e-02
4.005338680210536462e-02
2.772554417907759361e-01
1.584233554925762177e-01
1.158781942088473599e-01
-4.412372415770646761e-01
3.645555551986726095e-01
2.258613773186678997e-01
-1.845504342808415854e-01
4.136040411317275511e-01
-2.897931077369927944e-02
6.034633233780728467e-01
5.399791129816047114e-02
6.393184616005593846e-01
-3.442457528236124720e-01
-4.865537018603890429e-01
1.030370648997794292e-01
9.829378751700525163e-02
1.371518174745058327e-01
-2.085941931759244250e-01
-5.105090410125286970e-01
-9.417946681458932989e-02
3.501826738731105282e-01
4.623828229483687435e-01
7.492244723258106864e-01
7.280845669861638614e-01
3.590243846501900427e-01
7.104441167420884051e-01
7.752310716174226624e-01
1.130335482562432992e+00
7.370077395440834955e-01
8.286509473915659729e-01
-7.730405883695311564e-01
1.278686388371148008e-01
-5.411102408698572619e-01
-9.273187089571914565e-02
3.368493289297648241e-01
5.668746062050763479e-01
-9.290057632668093091e-02
-6.859146405015535963e-01
-1.507986654368663082e+00
-6.273262401544353883e-01
6.755682255294137573e-02
-8.201255768065966734e-02
1.683585800434139745e-01
3.911376609510412994e-01
-1.875570767466303579e-01
-2.400814232457393338e-01
1.285181781675943241e-02
2.607808713386117194e-01
-5.472927297823697301e-02
4.888673319308662890e-01
2.622715996723947174e-01
1.023659607655283743e+00
1.026672458359439544e+00
1.009967112781741561e+00
1.055593223403488601e+00
-1.018362915576764005e-01
-3.263475767291454388e-01
-2.555203114138241971e-01
7.150887929337232385e-02
-1.988096019646024004e-01
3.858170003389526093e-01
7.107470378372496844e-01
1.017558734125593611e+00
1.164876532621983651e+00
1.153965713541920568e+00
1.159923602176488489e+00
5.788435061669867654e-01
1.053539683908973679e+00
1.038758292942932648e+00
8.045423598992167413e-01
5.835762531310751955e-01
5.787711209782464561e-01
3.482414219580558523e-01
4.159683304784487223e-01
6.672039357594883313e-01
-3.201547188613129702e-01
-8.309254784656833204e-02
2.193628261269550683e-01
-4.035342544270494880e-01
-3.075466806804924014e-01
-4.172894749134782311e-01
-1.875780160594160417e-01
-7.482931518641253721e-01
-1.874162271011819147e-01
4.184870074976697329e-02
2.767862607918187834e-01
2.834735707884374900e-01
-1.738127261121864275e-01
-8.634311449648010561e-02
1.801911771970775289e-01
-2.929092271073632237e-01
-1.144360883940938933e+00
-1.564091742872996127e+00
-9.018421879734120905e-01
-7.486159467147677216e-01
-2.709218834748379212e-01
-2.153140687466695846e-01
-3.801013063586651253e-01
-4.487036657664582040e-01
-5.148745464486161882e-01
-2.966135648641637923e-01
-4.934906132517433847e-03
1.599116356909901782e-01
4.331191665197823282e-01
-9.518764918488669541e-03
-2.092363207482746817e-02
-1.298907304894289343e-02
-2.703366231722831303e-01
-1.618259496117940011e-01
-4.805229327449000998e-01
4.655898940173050504e-01
6.179881614332248807e-01
5.677028148440916855e-01
6.152602139782674673e-01
6.363676978961906316e-01
3.282344154603818454e-01
5.672627615992082983e-01
4.331919539434446187e-01
6.823190162891586974e-01
8.075083940705236607e-01
5.354624197990812684e-01
5.171728919901418253e-01
5.914995386489352303e-01
4.156865054927131320e-01
-2.380266692017425079e-01
-2.502850446910870885e-01
1.039368274511861256e-01
-2.956153362729033729e-01
-6.945136732902254528e-02
-1.537437645055149231e-02
-1.402444136403946162e+00
-1.448602388014199827e+00
-1.908758376011367552e+00
-2.122489886771830481e+00
-2.070120745483382763e+00
-2.586340458412727195e+00
-1.822032842488539250e+00
-5.733899603967433922e-01
6.605067409039264148e-02
2.057544771757607305e-01
4.064362882174307190e-01
2.889107270096726299e-01
4.062475251646405217e-01
6.040626839689244854e-01
7.044501164245686731e-01
5.288381869386630241e-01
3.021600585259142657e-01
3.325018633007653102e-01
7.104962091446621886e-02
3.686475495707199346e-01
-1.456194734686176440e-01
-7.562226617081901914e-02
3.923136978812217235e-01
3.370633705924535040e-01
2.215746049515200933e-01
-5.300132507611756694e-01
-1.758824766543698181e-01
-3.984101338362838751e-02
4.710421417695987989e-01
4.761191489927187326e-01
5.193407880671377930e-01
6.326440661446077751e-01
5.200813697672082014e-01
3.775756421002706698e-01
6.199179120514233254e-01
5.422046123687245256e-01
1.113587267621087423e-01
5.614043464043549925e-02
2.777171874018202202e-01
-3.875773913700030771e-01
6.754528500513651279e-02
-2.544106919849015158e-01
6.816294678464124290e-02
-5.852110945248257812e-01
-2.781069020852035001e-01
-2.982047044415868098e-01
-6.536354714003879129e-01
-3.133612898000934788e-01
-1.227639951413047381e+00
-1.735085970082993700e+00
-1.255665840648909626e+00
-1.725887515254952653e+00
-1.391697688993499327e+00
-1.392306758803501188e+00
-2.270311966522990943e+00
-2.360322708271434866e+00
-2.393475626184137894e+00
-2.936734060617800957e+00
-1.704965494760446010e+00
-7.305208612337931173e-01
8.605988376281384356e-02
-1.341361944097784642e+00
-4.108617894262562853e-01
-1.444813184806412076e+00
-1.724410344759094160e+00
-5.816095743373000948e-01
-2.064016970834834375e+00
-1.385746551063127052e+00
-5.942597088245200609e-01
1.591521621181095913e-01
-2.502631293750801622e-01
-6.731150330820383498e-01
-5.010707897720784176e-01
-1.301736743056451262e+00
-1.303080142076491477e+00
-1.013065521900784693e+00
-7.548765821011196309e-01
-8.576687673778118359e-01
-3.885434256493384142e-01
-4.772088098272273676e-02
-7.713391553876718099e-02
-2.258068497112852846e-01
1.264388333624781036e-01
4.835074297357927486e-01
6.063997450589544425e-01
1.845524560856926510e-01
9.656310554278431380e-02
-6.115254139019320190e-02
-1.269443766618253422e-01
9.423436449153635430e-02
-2.665141033279525007e-02
-1.724504539550371973e+00
-1.962999644386501430e+00
-9.891754225704270098e-01
-2.019776975401291197e-01
-4.406738848758452454e-01
-3.048637706424742744e-01
3.030113307613518381e-01
3.081592111881143459e-01
3.823162301793314732e-01
5.448871510954589326e-01
4.389593922576766616e-01
-7.083476893507224537e-01
-1.419854633092271889e+00
-2.856573959964587850e-01
1.640506622484864119e-01
-9.141505727752952115e-01
-8.284261634569080046e-01
-1.152809110285403449e+00
-2.010593543583193643e+00
-2.086762102371064742e+00
-1.318417579949808349e+00
-1.316514347203722402e+00
-1.191630149494418811e+00
-8.746974237102234095e-01
-5.214757424817895171e-01
-1.479421341144051549e-01
2.213494025035189217e-01
-4.099254249997802968e-01
-5.783065902390118751e-01
-1.198946292748692244e+00
-7.194984640870726311e-01
-1.095360322687545240e+00
2.086678600787374160e-02
-4.357912375609779287e-02
-6.401762233431238514e-01
1.551898620927285033e-01
-1.089550781042213590e+00
-2.172301243342296961e-01
3.354571260902941554e-01
-9.098167812638474627e-01
-9.801655014413721556e-01
-5.488566837079977834e-01
-2.094337095143008753e-01
-6.324481544389007892e-01
-1.681339429586997225e+00
-1.008885283278414313e+00
-5.256513085339730162e-01
-6.408432712825576916e-01
-7.463085722115057052e-01
-2.370800092194137176e-01
-1.377842940532530314e+00
-1.743475098702236270e+00
-2.452227583455320659e+00
-6.171142047846830403e-01
-1.936957920695386165e-02
3.913163941840428484e-01
7.865340799159319385e-01
1.571159214092708867e-01
-1.083214382357393202e+00
-2.155013804539767985e+00
-2.293402390701697158e+00
-2.907589881023288303e+00
-1.475689550610953749e+00
-1.261864333052977516e+00
-1.045313018930815518e+00
-1.311266109674892766e+00
-9.359205384337875300e-01
-1.557225357613627459e+00
-9.799305670768954091e-01
-1.721085638364751702e+00
-1.320295420571108824e+00
-2.077275908833925433e-01
2.124407385559355654e-01
2.884453450730198321e-02
-2.779392769643062588e-01
1.712210208477308315e-01
-7.544771246699311096e-01
-2.715439322891564089e-01
-1.554841791971857123e-01
-5.804362290048197259e-01
-9.715898421700717158e-01
-1.280417645579136288e+00
-2.377051778276632721e+00
-2.291939457533275437e+00
-2.286493198359373480e+00
-2.335543699577285359e+00
-1.931175652813012178e+00
-1.150202664548458653e+00
-9.230675236437655418e-01
-5.933796271073598083e-01
-9.597203831779976824e-01
-6.510508406386454894e-01
-2.169019192182353728e-01
1.021501722645650201e-01
-9.498685905048759315e-01
-1.284634715229372226e+00
-1.690512490425002623e+00
-2.007239915383991047e+00
-9.765102646561457655e-01
-1.293770053794034647e+00
-1.850920171503617651e+00
-1.457666518184318249e+00
-1.923078962849383178e+00
-2.258922897160830612e+00
-2.115899246462187300e+00
-1.669102122094780150e+00
-1.283992892849092016e+00
-1.681868545304253892e+00
-2.257783724368871425e+00
-2.041063186458601741e+00
-1.181030468587187521e+00
-8.092648240130424497e-01
-6.605854128749597542e-01
-9.234407160801252346e-01
-1.795693331018728411e+00
-4.969813633756619553e-01
-3.458107811637536888e-01
-1.585912286814028516e-01
1.525973536951738194e-02
-2.197994730175718003e-01
1.779020497778094068e-01
6.021107810171135721e-01
-7.741519099543396620e-02
4.461821911444076028e-01
7.970036439477010681e-01
6.790702286814376265e-01
1.151475929069702753e+00
1.313025797926558713e+00
1.257035369260233626e+00
8.554669720077309192e-01
8.972610991539631264e-01
-2.617267840895942665e-01
3.338431446705957262e-01
-4.671332842960721488e-01
4.723486507794771860e-01
-1.602947302402266405e-01
6.735217425175975270e-02
3.834678015699201081e-01
8.660216575895577362e-01
5.956681261280298845e-01
1.108875020009029710e-01
-7.177760907537576729e-02
-8.496067342468776040e-01
-2.732870629134588336e-01
5.025064196712789588e-01
-1.000473834559317127e-02
2.955864055661772127e-01
-1.005575698487825020e-01
3.116587409546267562e-01
6.923402399944726948e-01
7.458321567101781069e-01
6.209497593561008610e-01
7.292699886133331422e-01
6.659006978097915530e-01
7.422678054652978030e-01
4.176340177738986914e-01
7.653811228082971763e-01
7.538827683011163350e-01
6.290534797245522780e-01
-6.926513234201435720e-01
-1.278493431150132809e+00
-1.755713418218428190e+00
-7.110516575041097020e-01
-9.328293038081499899e-01
-5.318049071374928438e-01
3.105316194999337975e-01
3.787603912567149567e-01
4.248095915787288845e-01
5.382600148189852218e-01
3.406525554153427837e-01
1.125081778424054324e+00
9.763158157858100594e-01
4.781627755511163036e-01
1.140955620782033053e+00
6.535761114353552115e-01
6.766409238796780024e-01
8.624917594570811197e-01
1.208339341970339209e+00
9.238191933677377676e-01
4.687258637718139664e-01
7.762479073275289077e-01
-4.468015305983509822e-01
2.210529026697217736e-01
5.671953475907683950e-01
7.182390407650313113e-01
5.082903374103986405e-01
5.037904072208588824e-01
3.208262639648821746e-01
3.342604208557410916e-01
3.163963761856569690e-01
4.766854370457352941e-01
2.689158673167142966e-01
9.143457652016582227e-01
1.020755783763869884e+00
-2.430025884145736170e-01
5.836872284721030812e-01
-1.141642716098735022e+00
-2.559991939726223853e-01
4.762990451766203615e-01
8.013634613770260762e-01
7.302835766778169591e-01
1.086331678684125501e+00
8.846551378442235603e-01
3.994434981734457102e-02
4.820668937728438963e-01
1.154542543316761094e+00
1.193809688020482707e+00
7.981730842400327486e-01
-1.370778420515473273e-01
-8.006765125520947102e-01
-1.926953043258956555e+00
-2.218753714513415964e+00
-4.560542033155462471e-01
6.690750144847342762e-01
7.177197846667544567e-01
-1.013750104722903833e+00
-2.179056263873084376e+00
-1.793109698525001017e+00
-7.745905009711672173e-01
-6.093604366667180194e-01
-5.118488549577006053e-01
-3.667065192307308319e-01
-5.377922507637920013e-01
-2.577063698030399030e-01
3.210715067600997119e-01
2.135196510831387229e-01
3.440733329321282730e-01
3.918553638496839464e-01
3.768512779429133985e-01
6.859425614706086138e-01
3.856872569236516890e-01
6.191437554137108057e-01
9.401809674862526833e-01
9.162506533801128006e-01
9.535260378359423639e-01
1.174091349302821330e+00
1.271392997191007623e+00
1.202563243555404338e+00
-8.638405244607150202e-02
-4.108311616833535546e-02
1.769016140725883646e-01
-1.350535651703489659e+00
-1.959718016713890343e+00
-2.790436415141866355e+00
-3.113458361930613538e+00
-9.848477123227556973e-01
1.136279804023670598e-01
6.631306886281526092e-01
6.828420485238710924e-01
7.883893953043483727e-01
8.416762097421265354e-01
8.442516972426131749e-01
7.765686795195172465e-01
7.295820700093158528e-01
8.026055052729763606e-01
7.700043614391305358e-01
2.149604837145185354e-01
-2.913629241021901128e-01
-1.268552825399726247e+00
-1.752344756775163326e+00
-2.094752464581153717e+00
-1.942964691456285919e+00
-1.217674126288947001e+00
-9.773458476416251317e-01
-8.618193232895234868e-01
-1.855164332790726345e+00
-1.048792889796830385e+00
-1.937718570275792085e-01
1.785612220531195005e-01
8.536755412296423984e-01
5.416578218098817565e-01
1.793345481068055469e-01
1.850879376015582278e-01
-6.345253581404428078e-02
-1.481710599140969586e-01
5.084185920636512257e-02
4.573961040674302536e-01
4.804196514314874600e-01
4.937514766883958628e-01
6.259588547729055819e-02
-6.660024694978690096e-01
5.232491798594404164e-01
7.797803807718306501e-01
1.069009392705705830e+00
1.264533041985139716e+00
1.424885910444576576e+00
1.361949499208369163e+00
1.400324734090175882e+00
1.248984268794398167e+00
1.556179580325769418e+00
1.432534148771658522e+00
1.483153950440174063e+00
1.491176213595838407e+00
1.593033648768398036e+00
1.449868642439567479e+00
1.510349560432354021e+00
1.605739153690390886e+00
1.832199147471820888e+00
1.698279980069460571e+00
1.725132009103909736e+00
1.760875474363523541e+00
1.751743582266675592e+00
1.274253575246725667e+00
1.772272140418157171e+00
1.612493700418174747e+00
1.440975760795763838e+00
1.521105050388497970e+00
1.464578929081311820e+00
1.586136918976426724e+00
1.648153101426832468e+00
1.784012877116786022e+00
1.641744448927134670e+00
1.944698973611491688e+00
1.613330761964978155e+00
1.136324657280049610e+00
-1.709871906071644965e-01
-1.887197799251101982e+00
-2.428085418129292350e+00
-1.968660842664588628e+00
-2.720430320756443088e+00
1.165719128559096623e-01
7.668022031175990572e-01
7.088871562455997255e-01
3.402323552861543643e-01
7.039033782229587866e-01
8.177792408973589833e-01
7.929213171337483601e-01
8.462362541084913481e-01
2.022202069253896950e-01
2.096490730465073171e-01
3.247458926460397924e-03
1.251112627524502141e-01
5.200837180666721959e-01
-2.855057494550193309e-01
-5.802988430591220492e-01
1.224320682726370985e-01
6.583568952606371205e-01
9.115322726168892942e-01
3.955840739751702029e-01
5.868893331658887602e-01
5.277103848316456736e-01
9.305190104837504084e-01
1.038438991329374561e+00
1.297643882660665993e+00
1.330663500741227301e+00
4.968871945620991215e-01
1.035852011598690670e+00
1.483913339407879617e+00
1.396793123013991611e+00
1.123101830729961836e+00
8.555325315235537964e-01
8.325607300970649938e-01
1.071333808594478132e+00
9.731759069998046074e-01
1.073704887769180827e+00
1.197801447313092904e+00
1.276311411069262602e+00
1.257214348119941594e+00
1.318357606414418681e+00
1.338716390093635411e+00
5.040301776771040076e-01
7.594299185331661040e-01
1.136387017658497811e+00
-1.555489360393451870e+00
-1.437480436604919865e+00
-1.240452806581975320e+00
-2.456091407014820704e-01
-9.040516618813523309e-01
2.142332076325844381e-01
4.318269654267279378e-01
2.249513632153895271e-01
9.905062976511587181e-01
9.492625703778552193e-01
1.207148238695560538e+00
1.463497835747842757e+00
1.517467403666103776e+00
1.062541162111740434e+00
6.500810492913038363e-01
5.261936931224454606e-01
-9.025447824730570279e-01
-1.582136695631224832e+00
-2.387750589757479780e+00
-2.094098860240238835e+00
-1.477568097652653609e-02
-2.001286135004069155e+00
-2.070200231787416190e+00
-7.072732941288658592e-01
-5.752954033802957223e-01
-1.765368224718962153e+00
-2.833606530964638992e+00
-2.025098774312144911e+00
-1.188933324226054911e+00
-6.458923312808677597e-01
-6.877683080038550500e-02
7.561183292891206220e-02
-2.461416084778343394e-01
-6.143731040943186672e-01
-7.606904727815332334e-01
6.317643668606259290e-03
4.709280719751022803e-01
7.695396684001156729e-01
9.470992237037505479e-01
9.244318718960089498e-01
1.043615243346588173e+00
9.676386117412669741e-01
1.063198112020579789e+00
2.957700561831039243e-01
5.387485841136619991e-01
-3.374491031327571111e-01
3.505655285048149272e-01
5.045326330647544877e-01
2.722773455029479095e-01
5.467548479305602838e-01
9.288351272991506313e-01
9.560245710966474020e-01
3.265880311883124776e-01
1.140976693317728552e+00
8.330687449796907451e-01
8.494183353043963658e-01
1.819053533520613719e-01
3.075388455229030038e-01
1.886094390161807965e-01
1.900657630824212629e-01
1.346486599809552098e-01
-1.256120863617878225e+00
-9.609338150887886121e-01
-1.885202615823684535e+00
-2.299416250379105797e+00
-1.198175273732382973e+00
-7.846850265379855527e-01
-8.308912610292139567e-01
-2.388137667587569624e+00
-7.797222982523024370e-01
-1.354532203676891422e+00
-2.348324907096780212e+00
-4.245970771442109659e-01
-1.395961673058777608e-01
-4.121074250818843598e-01
-3.589399505460860729e-01
-9.952732960750938496e-01
-9.520420086363385881e-01
8.028838651180661423e-02
-9.920224489498761233e-01
-1.323044461544779171e+00
-2.100037214628225790e+00
-1.434417576720548260e+00
-1.778647959203973228e+00
-5.331674643466586261e-01
-2.609400838513403098e+00
-9.381467412061866851e-01
-1.820596101423600732e+00
-1.763656235168257425e+00
-3.416587484267186864e-02
1.030124154697733330e+00
1.246279921395921475e+00
1.401421454561493807e+00
1.162749978658421002e+00
8.042066004034326143e-01
-3.327589073807036835e-01
-1.179823501997896651e+00
-6.358777778852107154e-01
2.683946365670963896e-01
8.184077732017703832e-01
7.639646442247080005e-01
-1.372114530935062415e+00
-3.618180244541860935e-01
4.546633930151928737e-01
6.484033099688676360e-01
1.028391302848283395e+00
1.068351959207925805e+00
1.074196610833044074e+00
1.228189914965411189e+00
8.750381568246778929e-01
1.215292310902237993e+00
1.001948250367214577e+00
8.924453406602325112e-01
8.527100830074278992e-01
8.104222209811872135e-01
-6.338794043114940324e-01
-2.225067355181462592e-01
5.042506032289757467e-01
1.078102069795031648e+00
4.011500998369531557e-01
-5.740654817516077646e-01
-2.809995021249786173e+00
-1.095214263475890792e+00
-6.751437043118899139e-02
-6.046262501369102926e-01
8.016274227606288161e-01
9.506998282823391211e-01
7.204582942732571382e-01
3.862045011190877800e-03
-1.078560842617945492e-01
-1.093976995795706703e-01
-6.231211844474507933e-01
1.802287319358079620e-01
7.917532601473857845e-01
7.872927133644466169e-01
3.502279196009236428e-01
5.417933099652076923e-01
7.021290556520130011e-01
7.221695115918125296e-01
3.210422037404588869e-01
-8.747912788323305433e-01
-5.041481764723145798e-01
-1.488080715987091907e+00
-2.191257923641126482e+00
-2.555661790249957210e+00
-7.267793690612488477e-01
-2.247090988225334485e+00
-4.248412825709132479e-01
4.127620943913103968e-01
8.768292147590969199e-01
7.382415089745355541e-01
4.602191945831027309e-01
6.148757098384778352e-01
-1.547548424007193224e-01
5.530338234182607948e-01
8.029484802401891663e-01
2.599743340467950969e-01
-1.089982614258894644e+00
-5.403503812921246485e-01
7.478204839435478174e-03
-2.283824997243673327e-01
-2.441434917772214774e+00
-6.253098876242660920e-01
-1.512824992358178022e+00
-4.371427580653833855e-01
4.340389165491172485e-01
1.204233570941660725e+00
1.067366853383044933e+00
7.885382712227002600e-01
-1.183386599374703696e+00
-5.253896524344439101e-01
5.068575741374422572e-01
4.537982616957561555e-02
-2.050695554878396276e+00
-2.846771705520936835e-01
-4.713349750613510247e-01
-1.077275751113448532e+00
2.848601656171117491e-01
3.041581711568699387e-01
-2.063410125772576098e+00
-1.790075134534518497e+00
-2.885431088149029044e+00
-2.255685590344577385e+00
-8.768567252026207015e-01
-1.101923006094800428e+00
-7.221279585343242102e-01
-5.714315200368224046e-01
-5.024106631125657696e-01
-3.836505143381945260e-01
-4.054888542599744405e-01
-5.772863922920384860e-02
-6.110055585972566927e-01
1.994973073213128778e-01
1.622374616966561767e-01
4.285814260069158999e-01
4.693714172520865868e-01
1.823727679111619981e-01
-4.607002230175967217e-01
-4.838463830338857879e-02
-4.665663950732411580e-01
-1.433132928163200370e+00
-3.108487419913555927e-01
-4.827966289527953481e-01
-5.667758492699876971e-01
-1.216874554349198917e-01
-8.497440811148926354e-01
-4.889527150958573598e-01
4.040172712046854325e-02
7.022159648730819104e-01
7.984673427772324139e-01
8.369671804051037611e-01
6.889849425888012746e-01
8.592418848114855567e-01
1.629419192303266650e-01
-1.293758594517547544e-01
-5.983906644694546306e-02
-3.819427963838823437e-01
-3.074701497377902992e-01
9.659517408784762393e-02
3.194464842519812997e-01
1.132438820840243054e-01
-4.592919722485882539e-01
-4.807314984688468851e-01
-1.647886713093726918e+00
-2.798481455328226453e+00
-2.719950263941163016e+00
-2.739867169682732584e+00
-2.622688508867093482e+00
