3.501939196055453563e-01
2.342194175916404442e-01
-1.961410403068888225e-02
1.640762836173240147e-01
3.817935805738962296e-01
2.518018475137909773e-01
-1.047499292826109124e-01
1.393614920058025286e-01
-7.975380597115644052e-03
2.892011256734342561e-01
-5.827097030222487817e-01
-6.388548724141148716e-01
-3.571258441965833308e-01
9.132232342945573178e-02
-1.414421695905741516e-01
9.858095478678118029e-02
2.686326868098499188e-01
3.647387043714984678e-01
3.254131802337857371e-01
6.548462685869407274e-01
6.577359228188706108e-01
5.900158347439712347e-01
8.220028582456596622e-01
8.280442969254389052e-01
8.716523468989890722e-01
7.673949433682880628e-01
8.588695260852168278e-01
5.284175335158575182e-01
3.841717622346018102e-01
2.777426836473041449e-01
2.504745342122441931e-01
6.059282185849599323e-01
4.515194897567508248e-01
5.350660843740118189e-01
4.954777171251978363e-01
2.565426688568659408e-01
5.634349170450984046e-01
4.365223200247705382e-01
4.063275763031123922e-01
5.763654036950338622e-01
6.628179008716238441e-01
9.036263325977140770e-01
7.278860436258813849e-01
3.747266370491139087e-01
3.467602566140092768e-01
8.923136492438923928e-02
4.091214987649018919e-01
5.808961929597336038e-01
6.268872750005405337e-01
4.974455859374262712e-01
2.770195879524004479e-01
2.142795657866255199e-01
-6.192248428702769314e-02
3.521437575842298884e-01
9.117006466111260421e-02
3.148193920279016567e-01
3.024132077217459580e-01
1.128040234058154123e-01
7.178798877847416549e-01
6.497218593874583004e-01
7.083656176258394943e-01
1.297823084623239420e-01
5.106721177430901398e-03
2.964286290707885546e-02
2.507157809202845700e-01
-8.801450458250981157e-02
3.302234740568606164e-02
-2.733691759838038360e-01
-5.422472945321452631e-01
-4.000448083982198755e-01
-2.640247995956167965e-02
-4.060770489648333204e-01
1.771948965857038719e-02
-9.120429120152468913e-03
4.908644029518514640e-01
-1.656205267552236515e-01
1.921093241455021638e-01
5.186452515129619245e-01
7.386175438220442535e-01
5.788761410666392049e-01
6.191686115002037472e-01
8.129145672862627681e-01
7.964889266830252890e-01
4.602237588923011602e-01
7.916999768365514667e-01
9.582927460129215813e-01
1.046421360570814585e+00
1.007054945784520816e+00
1.017440867378206715e+00
1.112707593741225409e+00
1.129136376313430112e+00
1.010907026263520692e+00
7.606130852070407400e-01
8.894985315119929847e-01
2.543110400848745956e-01
3.797461656630994886e-01
5.120049760915384995e-01
6.707361054297618086e-01
7.061670555831882634e-01
6.146586433160444729e-01
7.297386125695808357e-01
6.849038078980997923e-01
8.384770556337742820e-01
6.195815432621379903e-01
6.974359833192711466e-01
1.020501371056518281e+00
1.177668722644011456e+00
1.141480646790574927e+00
1.112224149684815311e+00
9.218702354917525099e-01
9.141036883931494827e-01
8.074036162455062726e-01
1.064337972105759977e+00
-4.770723826386435995e-02
-3.412389799183590533e-01
-4.066338036199740325e-01
-3.006097153130008470e-01
-2.506736454417273219e-01
-1.006758482332525129e-01
1.302930967836729848e-01
2.319638183230201545e-01
8.360694817800108994e-04
-2.513875564011496810e-01
2.368370510715135380e-01
1.773624718944522005e-01
2.701390552062039596e-01
4.579633471468984585e-01
6.443337348121371821e-01
8.217066421950701693e-01
4.811105808877164103e-01
9.311755033350401778e-01
1.213468260732037285e+00
1.242466705126194171e+00
1.199752253584892348e+00
1.224710395951980946e+00
1.326704145565364090e+00
9.230559523608456995e-01
8.111738983079932463e-01
1.246090607163572672e+00
8.206081509432365806e-01
9.441399434310773220e-01
-1.043980392812316360e+00
-1.229112025299835320e+00
2.988470741284718346e-01
7.926613781380826840e-01
-1.164415493725367678e+00
5.916049300211878581e-01
2.974173648561079242e-01
7.998829154824833587e-01
-2.100274526185301305e+00
-2.599315808227746771e+00
-1.409862184818442499e+00
-9.513905843469399048e-01
-1.983051050089418510e+00
-1.763227615008327920e+00
-2.554807903010237524e+00
-2.100034196151545629e+00
-1.933047024089860955e+00
-1.721868061965183161e+00
-2.352782360639633197e+00
-3.283765734963352667e+00
-1.910042956448420703e+00
-6.106815002336563047e-01
-3.959580994816403604e-02
-1.173394061921596010e-01
2.556681142736940693e-01
7.073905172784202833e-01
5.468524079542161909e-01
8.213496766879222477e-01
9.262658792696659704e-01
1.082460338421866064e+00
9.220342675723458559e-01
4.179966772088761773e-01
1.076875992503407709e+00
1.199522739858852383e+00
1.058242567337224216e+00
1.057613745595468835e+00
1.337018547735320695e+00
7.154635843203707157e-01
1.112975091964907515e+00
7.234156333362400382e-01
1.121096101701818171e+00
1.118235391000107937e+00
9.999170316400593506e-02
7.392741602906753862e-01
8.595384819320250891e-01
9.278097649039318551e-01
2.488185220654751673e-01
7.217890041710310900e-01
5.168167638602638725e-01
6.740246268334997293e-01
9.786533901446059502e-01
8.446989930149721992e-01
5.277829553415951391e-01
6.579446015038927786e-01
2.999868500074122091e-01
1.440264426060771374e-01
2.448614025613358447e-01
-8.243933478356153532e-01
7.580737150535013513e-02
-2.568808104923745450e-01
1.820436661345441465e-01
2.968304137615657701e-01
-3.108896035116887058e-01
-4.578332126468386276e-01
9.434214358521116062e-02
-3.094365189297334506e-01
-9.876422553137689797e-02
-5.283547725201185319e-01
-1.011122469205720353e+00
-2.643913586426061002e+00
-1.242401021949000484e+00
-2.877912129899311555e-01
8.495927905064437624e-02
-1.097762168296027019e-01
3.532636507083608546e-01
4.113993988879167674e-01
4.658334138101982713e-01
5.257365309514878682e-01
4.899335782219851332e-01
7.076053320145008207e-01
8.674707549111726479e-01
-1.465906755016344043e-01
-2.261897216897544638e+00
-6.586106659376468331e-01
5.088606302342286725e-01
3.593512684044031236e-01
9.429744514913616094e-01
6.376448119391029401e-01
1.686101211182756687e-01
-4.820376951219099149e-02
-1.043510932238011168e+00
-2.059439127188547047e+00
-1.733905453572863298e+00
-8.648387810158207900e-01
-5.387491563161770358e-01
-5.745294757344308056e-01
4.412742840802087729e-02
2.184283984310150112e-02
1.166382673339068227e-01
4.272192882251718005e-01
4.986676198437512975e-01
-7.617842923494254626e-01
-2.023907254212199192e+00
-1.862054250169829173e+00
-1.227666002395247702e+00
-9.190913920734513631e-01
-4.541435974115309859e-01
-6.797061903682295458e-01
-1.630752570713230876e-01
4.262066912603966751e-01
7.828697170197169708e-01
2.450432805219625032e-01
3.732065265563099254e-01
-8.588197254263418845e-01
-3.129432083512861951e-02
3.848686794001201505e-01
6.027835694303969039e-01
-4.154945917824803825e-01
2.073627819979402265e-01
2.122602590811488721e-01
4.148436601494811526e-01
8.017190342703177652e-01
3.332005974167100426e-01
-5.603682303153897232e-02
1.042273138582390013e+00
1.109281719127946930e+00
6.073583439909960857e-01
5.162690584474673994e-01
-2.359309241459811857e-01
4.540298776772069278e-01
-2.183932372239930642e-01
2.942268109061270745e-02
-7.198119369006766854e-02
-1.772123748093571982e-01
-5.722321466809854318e-01
8.629542984872451417e-02
-6.006895626694011003e-01
-7.789312962018879460e-01
-9.896181932078936816e-01
-4.598080657523209158e-01
-8.867513814548968476e-01
-7.636739795489961846e-01
-9.560246903623810244e-01
-6.250149075458588666e-01
-9.890053698576974917e-01
-4.360456096056049002e-01
-5.425876649844761819e-03
1.940649594850524240e-01
-1.258298951227946105e+00
-3.863944468705381441e-01
-6.148537914174245778e-01
1.453139206791313476e-01
6.026291003004824454e-01
1.561558068835645630e-01
3.248070866349580532e-01
3.021794336652495749e-01
7.554867254463173420e-01
7.736531727302057293e-01
8.253393051467659003e-01
5.128797299806355792e-01
7.338916996610884702e-01
7.000331221109282187e-02
-7.184392634928871146e-01
-1.567975030741628473e+00
-2.388964646647746104e+00
-1.220575936270840156e+00
-2.509814098502364477e+00
-2.940433732183176385e-01
-2.493866955696828036e+00
-1.501297677328103486e+00
-3.129383335471366823e-01
-4.886568678940570454e-01
-1.760392349764903774e-01
2.738380471465816646e-01
2.304351274929740401e-01
4.698402157848408089e-01
5.862579676223187430e-01
5.058653986606004294e-01
3.522801300010659498e-01
2.437495790472889445e-01
4.046234794779856592e-01
6.665328751368659876e-01
8.878241076965776024e-01
1.233950247610191564e+00
3.692094454537792059e-01
-2.193284307474011818e+00
-4.233166358846546240e-01
1.288783624112095627e-01
-2.514344622945670515e+00
-1.444944001080214202e-01
2.264032414418132577e-01
2.335493590605469683e-01
1.570695176021906225e-01
-2.508857821227657436e-01
-3.542259689811073642e-01
3.907224323620911433e-02
3.470286424496753508e-01
4.615221734202515913e-01
2.889766813313516813e-01
2.177782949875053387e-01
7.327667612136207209e-02
6.248921151465227641e-01
8.477720051337234164e-01
4.690783707978404271e-01
7.663769710710557348e-01
8.238071914788698269e-01
4.871526622118618755e-01
4.815577907107299049e-01
3.201643147845043558e-01
3.794750618522609864e-01
2.763621304761227845e-02
3.662174165678024895e-01
6.625236538629670768e-01
-6.416794068566600284e-01
-4.690801256211456494e-01
1.631528376892006083e-01
-5.155195608473889246e-01
-1.455343254245238249e-01
9.843532359965738721e-01
1.137535152500533497e+00
-3.162167631601249251e-01
2.349413967594303765e-01
6.326689420482849435e-01
3.557433993337844047e-01
8.860216374540808015e-01
8.198879096690477875e-01
4.798231231152177423e-01
3.156863433018458620e-02
7.680553967210599353e-01
1.663181868324166812e+00
3.798912998638740435e-01
6.236753599934146131e-01
7.839117905459638269e-01
8.431625499558248471e-01
9.887088857946623177e-01
7.530832238842740667e-01
1.084380840573870852e+00
8.387299722358935172e-01
2.491410211420826415e-01
-2.193950510451467550e-01
2.938316768060671436e-01
6.191585854021683932e-01
7.633793426549837502e-01
7.273357964961841837e-01
2.713365483539386114e-01
6.597893810670512060e-01
1.037006511451268986e+00
7.208406728935354835e-01
8.145433950328824224e-01
7.661205452890705869e-01
4.234232794808936440e-01
6.607314364158274334e-01
5.404625636318740600e-01
6.991357684455801191e-01
-2.633891268534250818e-01
2.565397614259292691e-01
6.649518024112219816e-01
6.872089786218755769e-01
4.762284507936196953e-01
2.433169239790292093e-02
-7.023416842645722191e-01
-1.716600524582718168e-01
2.944841169037165085e-01
6.423172083514265829e-01
-1.918042390185716872e-01
8.441030468194840597e-02
2.471990414375482489e-02
-3.424746866282570301e-01
-1.797742024535558203e+00
-1.514926904637663885e+00
-4.701386248625074593e-01
5.214799175631647243e-03
3.201812690487833013e-01
-5.451806011055020801e-02
-6.129544416879687541e-01
-4.800648913758698288e-01
-1.637846466855984173e-01
-2.918241109807434563e-01
-1.852319513407099549e+00
-3.700582843995614546e-01
2.050165634561000871e-01
1.144947927268586130e-01
-1.239297329618283872e+00
-1.232901209312502022e+00
-1.332003303720116216e+00
-9.467147341267623251e-01
-5.855372865905144053e-01
-9.567499409820645617e-01
-1.715139488630728071e+00
-2.108335115916514013e+00
-2.339925938409747275e+00
-1.752482584998588111e+00
-7.365936305047918742e-01
-3.993663767561276279e-01
-9.925376554456755152e-02
-3.218326296681978116e-01
-3.861207945541493824e-01
-1.167369300372717245e+00
-7.012883504818645530e-01
-8.034325652569367093e-02
-7.914756167735619297e-01
-6.562721464804783800e-01
-2.793049104346627676e-01
5.299547984920027766e-02
4.979475735492421284e-01
2.356803501880625762e-01
-6.013518635851364813e-01
-1.144309448688155539e-01
4.008379656125038437e-01
7.389890294323235853e-01
6.994350039252428264e-01
6.981192644911532463e-01
6.270983695350738074e-01
6.786343170488909893e-01
7.418527917697945728e-01
3.904523098609918863e-01
6.338751067589847299e-01
4.516854744485503947e-01
2.608503490291776972e-01
-1.209693784083789581e+00
-2.077740989311229747e+00
-1.313294711617483124e+00
-1.399745800297863108e+00
-1.718127123322848337e+00
-9.142741693265379332e-01
-9.901254897804726007e-02
-7.213014992154229699e-01
-4.783051344686349848e-01
-5.706311315055918598e-01
-5.279930948437183691e-01
-2.212270314617175160e+00
-1.320226742642464313e+00
-6.222149688398086465e-01
-1.180742531253562433e-01
-2.620532471842464406e-01
-1.606426826934109320e+00
-1.442760084945790444e+00
-1.355456437344695564e+00
-2.064066460786193602e+00
-2.145437670890772974e+00
-1.522835226911261497e+00
-2.353394709401877449e+00
-2.588707245160502879e+00
-1.180999255089129729e+00
1.383704822650232147e-01
2.622255748037639611e-01
2.664148438295180915e-02
-2.142471571133897912e-01
2.620446025521770972e-01
-2.643280547354876497e-01
8.096826190079040725e-03
5.194707824188438128e-01
5.738021544792082373e-01
4.962034695950875429e-01
7.091630594973724611e-01
4.297506051079819089e-01
6.688275071120108883e-01
5.669432995697627486e-01
4.883147983387611801e-01
5.417823485950051809e-01
8.653211516589821850e-02
-1.739549058092737965e+00
-9.345144073272912966e-01
-5.202085843149114597e-01
-1.372722800643567387e-01
-5.728969255367653834e-02
-1.226628652050590906e+00
-8.013473796390127024e-01
3.271299691436668766e-01
-2.964266307957293956e-01
5.344104692798320455e-01
8.341861735611733053e-01
-3.527702018715730969e-01
6.656116007980309446e-01
7.416544080474125611e-01
1.022351664879343591e+00
1.184824829442660210e+00
9.985184463210394767e-01
1.054205476596345115e+00
8.104811577920147947e-01
8.478467613655349400e-01
5.093690240924504398e-01
-3.409220453443181920e-01
-1.821979083014467982e+00
-1.016079842378625475e+00
1.620314201393427134e-01
7.324343283357330758e-01
-1.685672841480971407e+00
-7.135795933907190802e-01
-4.617372606445409033e-01
1.914096396647919918e-01
4.392552440129755542e-01
3.677969745856417561e-01
-1.858492610908842879e+00
-2.354480017820297810e+00
-4.158297048333935431e-01
-1.761949849972343385e+00
-1.173838342425548742e+00
-1.945740248850224008e+00
-2.968675414932778978e+00
-9.288289743558952871e-01
-4.770363311624167268e-01
-9.523000099174276922e-01
-8.876641818452793431e-02
4.968445275665005489e-01
5.184469773827098393e-01
-4.080824648899937512e-02
3.847838323708656638e-01
5.639909266730953608e-01
-1.282664984378025785e+00
-3.533636558820613116e-01
-7.816005328079844716e-02
-2.402865840675050269e-01
-5.995320355759903297e-01
-2.103433174653518201e+00
-2.710211830470278027e+00
-2.003298186184757856e+00
-1.277315416492062372e+00
-8.075618224052762972e-01
-2.614926624013085843e-01
-4.747192559703283798e-01
-2.173675704709250756e+00
-1.297442274560212994e+00
-2.612143748798969600e-01
-3.509014629085455833e-02
1.980992925171556340e-01
4.787147741236528753e-01
-1.685821723842499953e-01
-9.062757196732535991e-01
-8.500501932841052488e-01
2.613358584316313737e-01
6.484511770106862194e-01
3.227623441038779406e-01
4.851365655807275967e-01
-8.516720794527991856e-02
3.178824829522767237e-01
1.044940664131024932e-01
2.021048772549824957e-01
-1.113691299113097888e-01
-4.215283938378565631e-01
-1.632584778081661137e+00
-2.060547402699028474e+00
-2.923104772498779536e+00
-2.332526886579033842e+00
-1.232865985374444806e+00
-9.515082000045234079e-01
-1.848910462734971727e+00
-2.077503523141170483e+00
-1.121049689535311034e+00
-1.838652468212321756e+00
-2.319846120001029632e+00
-1.906557732815133299e+00
-2.321083785153547296e+00
-1.823292952105244558e+00
-1.285746322159251886e-01
-7.999415028517771198e-01
-4.310653785762376122e-01
-2.454757277543074823e-01
-8.898946583356593942e-01
2.652189391988723499e-01
-9.474438056390384333e-02
4.162025702531588767e-01
9.396615320340571120e-01
9.390090329913097777e-01
3.514519511402232066e-01
-2.178752392060083198e-01
-1.150665433042990626e+00
-3.509725843827263825e-01
6.394584877755889185e-02
3.191824263765612457e-01
1.569172573327844988e-01
-3.464309607217784803e-01
-1.123837580240547585e+00
-2.135940501647932699e+00
-9.717016284941781823e-01
-1.020919261023654157e+00
-1.002781284282370011e+00
-7.680119116520984779e-01
-1.473445830650177868e+00
-2.313836469875679924e+00
-2.918502661617796701e+00
-1.362138255802891162e+00
-8.672254152746867728e-01
-6.845014924625776320e-01
-1.893676431910285007e+00
-1.167401143227896565e+00
-2.246178680436876185e+00
-1.945927560298582826e+00
-2.143563166512748808e+00
-1.092600129623227501e+00
-1.306333531737706943e+00
-1.804923812586959997e+00
-1.695117854192091045e+00
-2.100647989816436301e+00
-7.744783987444653350e-01
-9.713330248823279223e-02
2.812663371425756509e-01
2.533003342147179815e-01
1.785317061852254583e-01
1.704259556361457650e-01
3.117163529348387918e-01
7.729850501871526891e-02
2.509791196425545379e-01
-7.785170419721185731e-01
-2.769918491292422402e+00
-1.509474881283503489e+00
-5.336456380070143668e-01
-9.407708056279383557e-01
-6.991690362698987915e-01
-6.749047032023761661e-01
-1.927217851224283240e-01
-7.824917307775005604e-01
-9.551182167075585872e-01
-1.151807807561444630e+00
-1.877298098640400870e+00
-2.640500846093457366e+00
-2.506780771353755988e+00
-1.995151334649955865e+00
-8.506111256278585664e-01
-4.808151462561930933e-01
1.335007243024711743e-01
-1.786782754795787978e-02
5.583901909159100230e-02
2.467917043925709764e-01
-5.254481779460982160e-01
-3.194862592524390366e-02
-1.003094026625121482e-01
4.903904112084485067e-01
1.695621186377872236e-01
5.843047068207543049e-01
-6.345636471492190067e-02
4.848503346784552304e-01
5.555828571674485961e-01
-5.818551655075589885e-02
3.003409283550962372e-01
4.163727867685515505e-01
5.011817395354176696e-01
-5.111398481823619111e-01
-7.495863017034119780e-02
2.790564727414865942e-01
4.078474899371256068e-01
5.127328312568759650e-01
5.422647894234049470e-01
2.590198702774928474e-01
-2.008958994012658428e-01
-4.101434114942409392e-01
-4.058610812208046648e-01
-2.655593776682620422e-01
-1.544305212996453514e-01
4.270034145139562365e-01
5.814644947818572440e-01
-1.704759369289978177e-01
-5.307060785800868929e-01
-1.918984941051958604e+00
-3.825612501026980083e-02
-2.988844510198672144e-01
3.495914571256370507e-01
2.570515799385555411e-01
1.112474920354277474e-01
-5.268891283921840474e-01
-7.599529864713951977e-01
-8.531390965645605506e-01
-1.630320493180846264e-01
-3.451417124053401952e-01
-6.356793891956556697e-02
1.919537597957123864e-01
4.467615171973521315e-01
4.259967931243427985e-01
3.125044621946023726e-01
3.817245203286647737e-01
2.331412761860664762e-01
2.611825300982947295e-01
2.391425763802643503e-02
2.805714285353800852e-01
2.578790291900614484e-01
3.395286127642471730e-01
1.784982624053915723e-01
-1.892481058517518910e-01
2.075739313882069004e-01
3.927740225039824673e-01
2.088954968554597724e-01
1.480168363419740174e-01
-2.611348032196078583e-02
3.901179657108501120e-01
-1.779267111330535278e-01
2.106789114226595427e-02
2.833883940480807495e-01
1.335183634021256949e-01
-8.877096697274430293e-01
-4.101754298280937405e-01
-3.115248076534256061e-01
-1.217644267771927913e-01
-6.824487814817414844e-02
-2.341200043821957399e-02
-8.730866275320181558e-02
-1.670220313601853898e-02
-7.060393599447446766e-02
-4.745899789352441278e-01
-6.263290970767376731e-01
-3.456618978369521145e-01
-1.245162261992910135e+00
-1.806703243659023017e-01
4.544893701804167963e-01
4.419824838711483017e-01
-1.963098438922564748e-01
-6.542487194656489979e-01
-1.339263127277240395e+00
-5.781857723337539001e-01
-1.669649999024234166e-01
2.303210819291231365e-02
-1.515180164095987769e-01
1.238784580800251917e-01
-4.200923401867152629e-01
-2.165783953319808663e+00
-1.727070627777758549e+00
-6.532593806827621252e-01
5.224252157969371674e-02
4.018903740591670687e-02
4.083072554070701909e-01
5.287067919812757366e-02
-1.517448094010389326e-01
-1.690770474112558430e-01
1.683819179436312624e-02
1.385926335114742725e-01
8.980938512090536063e-02
-5.497668989701038900e-01
-1.215418309631068006e+00
-2.579459064421175674e-01
-4.188013813710011468e-01
7.058782488698057966e-02
-2.155513632372029267e-02
-4.121883598885061617e-01
-1.639972513154386857e-01
-2.251341351271672897e-01
-2.062332827550955816e+00
-2.208722505867666719e+00
-1.599497450048542380e+00
-9.564315164067888064e-02
-2.947562629394633038e-02
-2.901927289126775000e-01
2.823028120325511425e-01
4.185821648796839711e-01
4.964214688621385596e-01
1.762950698573511610e-01
-4.068324914593985930e-01
-5.617691310281651695e-01
-2.357047502601367639e-01
-8.603394619835742496e-01
-2.286016697695199440e+00
-1.459498332583548663e+00
-1.287764090497986569e+00
-1.062268039214854465e+00
-1.752039679509974412e+00
-2.493189320471993931e+00
-1.754495306644161534e+00
-2.156434503268545910e+00
-2.501634620469057602e+00
-1.281744752734339521e+00
-3.483916201464772322e-01
1.871148900223545408e-01
2.005985018453558810e-01
3.509051766735801769e-01
2.859853482587934037e-01
2.253409377821819493e-01
-7.234304335338965775e-01
-7.076741571467271008e-01
-9.734315420562605903e-02
-6.954761045649592022e-03
-4.692783099968657057e-01
-1.836062591358865514e+00
-1.075010299495743560e+00
-1.135371829152558298e-01
1.601340496955654946e-01
5.573221320324350803e-01
4.787050185505871136e-01
3.182127438808721731e-01
5.740610567400713515e-01
7.707516155956628534e-01
9.218764737926048447e-01
8.147154810910517408e-01
4.031329435673439709e-01
6.370839742211926726e-01
7.406793972110985447e-01
8.472451998709447096e-01
1.015651800702483121e-01
3.665334546772222035e-01
4.693452554500341933e-01
5.255585089805954180e-01
4.363541088971937265e-01
3.454981075980178007e-01
2.170948749305900705e-01
4.929996366194264734e-01
4.380695772423166545e-01
2.012878668643598434e-01
5.549978391765892916e-01
-1.577384623418030818e-02
2.496441883299094500e-01
2.196036409379661380e-01
5.075891356289273515e-02
3.919155474521363591e-01
6.315166817637299923e-01
5.952099607602636677e-01
1.642440545036525923e-01
-3.384853166526374801e-01
-2.778681461012351764e-02
-6.601907396286942342e-01
-2.072150211680519050e+00
-2.519459479694990733e+00
-1.105288488050093942e+00
-1.322190057096710447e+00
-2.553030854918224790e+00
-3.001690595187555211e+00
-1.023774431176402322e+00
-1.383550327648815637e-01
-2.745841289631320015e-01
1.115819516362330510e-01
2.970389518407843266e-01
2.608727554039718122e-01
2.693838433958426481e-01
-8.139008758716821390e-01
-7.508154662052309858e-01
-2.018236847067998718e-01
-6.304391697354819191e-02
-2.347388147395475799e-01
-1.127502121144988712e-01
-5.423624340013846190e-01
5.048551040793748668e-02
8.367455149988047014e-02
-6.692109329584016164e-01
-1.761522244562689909e+00
-8.264404045503409568e-01
3.995436738086502459e-01
2.027611578506322010e-01
2.734674281607900603e-01
4.576553790692096113e-01
7.359685357805740846e-01
2.196802728153293138e-01
-1.264056570712113192e+00
-4.595929651687229445e-01
3.812728790196050210e-02
-1.233332234298321506e+00
-2.619142692833072439e-01
1.702358373810846093e-01
-6.879625809643181988e-02
3.179405971777733431e-01
2.016053505193082795e-01
1.917033836967929061e-01
3.902319824977334983e-01
3.198699271007960365e-01
2.571968886320513681e-01
4.006276764655916645e-02
4.623474980448517013e-01
-3.750557724867579004e-03
1.108637877938085381e-01
-1.242686059669181053e-01
1.161322667670932896e-01
2.023320824349941482e-01
-1.380199327740344817e+00
-2.485413280874994690e+00
-2.483661763609273265e+00
-1.011436927216498916e+00
-1.489862988698598567e+00
-2.624928390120028210e-01
-3.024659742341222479e-01
2.637689955197184966e-01
5.017799850750323531e-02
2.054788469185434008e-01
-4.000907074256897233e-02
9.047883770289230632e-02
4.649764470837983860e-02
1.809432724561061967e-01
-8.451691153948572843e-01
-3.522871278355315106e-01
-3.888104179258221049e-01
-1.234001474256599451e+00
-2.277593560509343362e+00
-8.984157406854975658e-01
-2.964214418369683912e-01
-7.104882902513376397e-01
-5.445630320365758559e-01
-1.946644010978909822e+00
-2.311106885569174985e+00
-1.498262659210479075e+00
-2.767403947649242357e-01
-3.896296571079620463e-01
4.656903187734724031e-03
-4.371551003124027890e-01
-3.847468524875421458e-01
-2.494043320107949824e-01
1.344176339591982364e-02
1.369548538442969809e-01
1.924405822828946233e-01
-1.246247642673830924e+00
-3.758836856870613197e-01
2.048228864103629476e-01
1.048956231810641015e-01
3.626509386721874506e-01
-1.876939902682698835e-01
-4.803815997427762774e-01
-6.414932734362754907e-01
-9.235026578158116450e-01
-6.345223525068515169e-01
-4.572471823540844582e-01
-3.657679553724488830e-01
-6.253449294910385925e-01
-1.656318154035832935e-01
-1.885875341040450792e-01
3.135349076953455882e-01
7.645052651697630264e-01
7.154714580784029554e-01
7.931101297981764109e-01
5.988221525426153935e-01
7.989060809777256411e-01
5.747580052334007039e-01
1.810698803327282502e-01
4.584363748997677401e-02
1.058247364304382848e-01
-5.797748133456014363e-01
9.555735809237884959e-02
2.781920336484575845e-02
1.307795439393874548e-01
4.953336187996644213e-01
4.724568317289191688e-01
-1.254603820630165734e+00
-1.797279300237258681e+00
1.651692447285969118e-02
-1.105986002522713285e+00
-1.222975989776911909e+00
-5.662612905953008369e-01
-1.010183485834765360e+00
-8.115947317849188103e-01
-2.122485327085158469e-01
-1.530296062058345008e-01
-2.380250225806696263e-01
-6.593044577558691000e-01
-1.016661566212174961e+00
-6.521750442747635823e-01
-1.851659710763343680e+00
-2.546642072353735742e+00
-1.772863892961418664e+00
-2.568885946206429516e-01
2.078585692414788577e-01
-2.341405913313802933e-02
2.084418608340072032e-01
3.065508386760043558e-01
5.460026162881377321e-01
4.110825983644283976e-01
-2.132596345336882915e-01
-1.283217510170899800e+00
-2.169725765653551797e-01
3.181227516190072713e-01
2.617012049216350111e-01
7.555387217003163569e-02
-9.200228489363497797e-01
-3.074968239029753359e-01
-2.974024533097094913e-01
1.682266842140862639e-01
3.955375174130155158e-01
1.190758471169305333e-01
4.772729802168323432e-01
3.599776662897436474e-01
3.183821232219764541e-01
-6.200314742249245920e-02
-6.757738793784877629e-01
-5.306764183655654499e-01
-6.844566135722724987e-01
-1.120764916537081018e-01
1.213249634084279938e-01
4.673609606886879320e-01
1.425648629119197208e-01
4.677977271929326664e-01
8.041956553207574299e-01
1.010960537526385927e+00
8.163189405243986840e-01
9.396762744129714129e-01
1.128823955578803107e+00
-3.177515674887902986e-01
5.727935663658956233e-01
5.131661412678762968e-01
6.621526095397858303e-01
3.234036742751821292e-01
1.193428873225761411e-01
5.085764456157941815e-01
1.962239284362011782e-01
-1.330767202454034570e-01
-3.446645806284179825e-01
-3.872835347028421443e-02
-2.298528026746570418e+00
-1.575566300619495097e+00
-2.329354334235329005e-01
-1.975204066700629868e-01
2.726864439657979422e-01
4.123407338359907914e-01
6.189462709131985374e-01
-1.021765433479471241e+00
-2.320389931603264344e+00
-9.142478906692883545e-01
-1.536181982208030039e+00
-1.682577982005068806e+00
-4.726634015823725221e-01
2.953573881109841093e-01
5.591381998262503483e-01
3.452653263507309278e-01
1.916826991165197502e-01
-5.161333499956146653e-01
-1.476007795312386101e-02
2.740621729874243573e-01
2.861624442026905468e-01
2.277024487303572209e-01
4.908106144843625840e-01
7.289649264671791418e-01
3.613483539720650506e-01
-2.287369137699738486e-01
1.806023161714885861e-01
-8.854383231850487812e-01
2.590943939741816374e-02
2.526049806282646970e-01
-2.995689283949971513e-02
-6.295495728603511809e-01
2.703522033844624195e-01
4.248421779768404294e-01
2.095559681643731076e-01
-5.155200737001596201e-01
-1.034424006581855737e+00
5.181064202909585470e-01
8.936628464531992666e-01
-2.163536642591780135e-01
-4.940608939020735835e-01
1.611031600961819743e-01
5.823253144097013667e-01
6.902057303071723604e-01
5.075542706580894459e-01
-4.930487866138674180e-01
-2.039846318690223259e-01
-6.899192466682481373e-02
-1.284454780613622227e-01
-1.481215194005917279e+00
-2.052282593634505714e-01
-2.796834307280797183e-01
3.039600935409313975e-01
1.115426146482091929e-01
-4.529458381907265352e-01
-1.183681735824224424e+00
-1.438196163970005825e-01
5.436014682159401312e-01
4.719067107467629363e-01
3.844721025174455686e-01
7.416789156613958767e-01
1.040034279483296409e+00
-2.060908398663766627e-01
3.346743798720753782e-01
-3.462512158171993648e-01
2.874729955758660305e-01
-3.238803542847247252e-01
8.720703030218882601e-01
6.137978339058842714e-01
-4.267517673789451571e-01
2.659800200540345383e-01
3.143493462742266153e-01
8.301307371599614404e-02
2.913226238265975709e-01
-3.036253284284594622e-01
7.921050240067044612e-01
1.045931951994051534e+00
3.208953604483542887e-02
-5.222471773324370847e-01
-6.819575041440106844e-01
-9.059150130196762518e-01
-5.603047896225208380e-01
-5.704303284581448974e-01
1.998484986650204964e-02
2.094220597683761273e-02
2.580708984328840550e-01
1.470108443019743361e-01
9.574474434891049046e-02
-4.458941084746094186e-01
3.589727617519933300e-01
2.003804415263201189e-01
-2.018917548741024082e-01
3.879105118715024947e-01
-4.059342043405270162e-02
5.781312224470561700e-01
1.760757254393692170e-02
5.840471364384667297e-01
-3.535141120344251764e-01
-4.821431530469784676e-01
7.987586716006647714e-02
7.622494187640306562e-02
1.364715487758835777e-01
-2.098028621676895633e-01
-4.923988778059344429e-01
-9.904234723077472158e-02
3.730951128358840907e-01
4.581037962712840583e-01
7.183800704656055913e-01
7.068783234289770512e-01
3.433530067928272089e-01
7.023746954445196922e-01
7.647026097139251188e-01
1.119146958164545680e+00
7.317070525158525518e-01
8.277093090489754390e-01
-7.749771132737917068e-01
1.015799464622598597e-01
-5.409194782830271109e-01
-1.039237380825510926e-01
3.455596458803276150e-01
5.794392946708470937e-01
-1.036488204105117383e-01
-6.873547432703617233e-01
-1.503827889956709463e+00
-6.363570493628827318e-01
7.608378892089655288e-02
-8.184139158368577971e-02
1.583453826629991623e-01
3.803307217219881187e-01
-2.051637921346276261e-01
-2.527315640947013220e-01
2.186729091933381844e-02
2.639737564053031837e-01
-6.857256337384233513e-02
4.727884703649409825e-01
2.681834473437910704e-01
1.023352304955494896e+00
9.960605796228341191e-01
9.899609580437136458e-01
1.027587090735841535e+00
-9.898003419773845901e-02
-3.334805919666734564e-01
-2.614510246980774055e-01
6.206158912885509360e-02
-1.892225703951682103e-01
4.006683360310346886e-01
7.053771052825826837e-01
9.964305738406317170e-01
1.162504760858386721e+00
1.132116045376827529e+00
1.141882170762260618e+00
5.765221417547816696e-01
1.032495021336852892e+00
1.005212917160757113e+00
7.630413686077637259e-01
5.504586293746769332e-01
5.394280487622249431e-01
3.121854010357987264e-01
3.855478486269582339e-01
6.535992063740658775e-01
-3.477796378546723632e-01
-9.423770119927636635e-02
1.882036429976659542e-01
-4.045510293067567931e-01
-3.022832124727912739e-01
-4.328665296614050417e-01
-2.010923743905131955e-01
-7.747156536747847877e-01
-1.702955452380357504e-01
3.389401091132041716e-02
2.590133488114594873e-01
2.690377223874112489e-01
-1.926388442634093812e-01
-9.646522107575190852e-02
1.738771649929833074e-01
-3.001310280484517090e-01
-1.180897648860785409e+00
-1.601602524076563450e+00
-9.355538495825317380e-01
-7.491983940281020660e-01
-2.919124431100633688e-01
-2.265390037605395090e-01
-3.695394862561776628e-01
-4.443432179255686343e-01
-4.987776555297229741e-01
-3.005275800020961174e-01
-7.458833869241508416e-03
1.544527776372882633e-01
4.076321626186335534e-01
-1.343986703289614879e-02
-3.134874559151246132e-02
-2.830364940400941290e-02
-2.760288897619291859e-01
-1.887165340142310799e-01
-4.874788971240686108e-01
4.406188348195366755e-01
6.084969880721110558e-01
5.505038488827023180e-01
5.922934316318457793e-01
6.123218897813260675e-01
3.063295940685911711e-01
5.423402569768007719e-01
3.893352854704552612e-01
6.417457862432718319e-01
7.785495868832186250e-01
5.062324146220660293e-01
5.023629565954867982e-01
5.642280112759954225e-01
3.917532862247735670e-01
-2.506443711198378388e-01
-2.837439507418805240e-01
7.583822085666798440e-02
-3.195643029501754051e-01
-8.254322052169246748e-02
-1.994276317142238200e-02
-1.429919338016691466e+00
-1.445559260547579772e+00
-1.893994258925986163e+00
-2.107294944696826988e+00
-2.052014823923094866e+00
-2.578783746984925962e+00
-1.823929855364467834e+00
-6.123294445402400754e-01
1.245723507171777461e-02
1.959946025641835787e-01
3.823596983041092634e-01
2.599075362931362321e-01
3.699056611181766874e-01
5.528172036794843924e-01
6.526644013317908222e-01
4.949199282246392606e-01
2.780531733258274629e-01
3.052954192209597628e-01
2.812403676663767504e-02
3.534565101582302082e-01
-1.556592241300191470e-01
-7.860840998821019832e-02
3.881572116998656119e-01
3.309712668910421707e-01
2.112098813592892532e-01
-5.159912871416164615e-01
-1.878091797172909416e-01
-6.276851613479982051e-02
4.618801006514131058e-01
4.635834883303281417e-01
5.130173214428817019e-01
6.090638995112351850e-01
5.036750243551122441e-01
3.717353925402863690e-01
6.099125931166688996e-01
5.255011646593588104e-01
9.985157565577829075e-02
7.122405311043529530e-02
2.940153461903087795e-01
-3.638792918660813669e-01
3.228235835994236469e-02
-2.746392573257861458e-01
7.438478310258495041e-02
-5.700057744994528885e-01
-2.711862985705505436e-01
-2.844427474268623190e-01
-6.570150702164265777e-01
-3.053667497595213276e-01
-1.220011580827822684e+00
-1.709427612636634564e+00
-1.254842472571417566e+00
-1.695031847285979554e+00
-1.374064615059162442e+00
-1.324616499263919112e+00
-2.195544110900176982e+00
-2.310657784464708264e+00
-2.369733000666386147e+00
-2.918859707488841160e+00
-1.682516088203215077e+00
-7.149614972707611926e-01
1.182172000173309923e-01
-1.313694034820756862e+00
-3.794909142189993867e-01
-1.429980790526929946e+00
-1.684072026767281294e+00
-5.871355305514375233e-01
-2.084781529794871080e+00
-1.356807331740123468e+00
-5.827389965752558521e-01
1.669228140477446720e-01
-2.333105697016205626e-01
-7.035326100640417746e-01
-5.309816184505753434e-01
-1.297180428834071808e+00
-1.334276028307028072e+00
-1.037949112843747024e+00
-7.830754646372171113e-01
-8.658148825421644323e-01
-3.836121582232469018e-01
-2.681318877843570300e-02
-7.410401764037963246e-02
-2.432584010179190681e-01
1.010403294426236026e-01
4.676891305721697090e-01
5.915723112216707547e-01
1.815865491358499839e-01
9.634556558047809027e-02
-8.515748577560801336e-02
-1.379325932473681737e-01
9.556636804539594965e-02
-2.676130136751398228e-02
-1.736503395574410025e+00
-1.998870485837745292e+00
-1.020793716404108764e+00
-2.441027855123023838e-01
-4.462852156933234671e-01
-3.116265961530735318e-01
3.082127185940453096e-01
3.054026004690730267e-01
3.673300698442746315e-01
5.491332765405900762e-01
4.549861870262010832e-01
-7.249375594598943540e-01
-1.440500982209967695e+00
-3.077294438988091851e-01
1.248812586764348753e-01
-8.993375725768724127e-01
-8.288426551484464611e-01
-1.184102718570453350e+00
-2.061752526665740604e+00
-2.105882530311938616e+00
-1.343257338407009893e+00
-1.316890554667152546e+00
-1.166376918481984770e+00
-8.896924248285165149e-01
-5.451499247096522893e-01
-1.690427798882122301e-01
2.264538449740490234e-01
-4.088231407600563250e-01
-5.841500088962627846e-01
-1.198641926794022261e+00
-7.300949075361751195e-01
-1.074093465795409763e+00
7.715912041712081823e-03
-8.097928649743026119e-02
-6.380818194384353381e-01
1.139817916000370190e-01
-1.123610236349939839e+00
-2.580185236285513772e-01
2.985686025023866486e-01
-9.291396972352345962e-01
-9.371030313700851044e-01
-5.535879686933661281e-01
-2.376085794477787450e-01
-6.325290538518928418e-01
-1.717993805310087163e+00
-9.909846204132970460e-01
-5.346970062055680373e-01
-6.411628994191138631e-01
-7.030543537852727010e-01
-2.238120002105404016e-01
-1.367139989770135733e+00
-1.727365628481329018e+00
-2.422528768491265971e+00
-6.108468744476123202e-01
-9.639634831206616780e-03
4.128985001470814598e-01
7.783341453150298683e-01
1.412902726208573878e-01
-1.087107844505526888e+00
-2.196224444733270165e+00
-2.293683580103811792e+00
-2.884560374896850909e+00
-1.472890691127704876e+00
-1.235360072073702797e+00
-1.006545945137054643e+00
-1.299639113649754929e+00
-9.021295919544528585e-01
-1.561782927700154922e+00
-9.498591202200745709e-01
-1.739108071957908841e+00
-1.298383117074180193e+00
-2.189530275561111239e-01
1.951733724931519198e-01
3.791392901889215072e-02
-2.648301351183321439e-01
1.595417217803417331e-01
-7.859160651370244999e-01
-3.166887373194107180e-01
-1.483652631852710180e-01
-6.022575878696196927e-01
-9.692689710540813852e-01
-1.267988355203677031e+00
-2.370659604089550676e+00
-2.295567359663253981e+00
-2.286648895954581207e+00
-2.334898791224416570e+00
-1.937617786390949615e+00
-1.160068982883526001e+00
-9.284433414378483462e-01
-6.013524092680201383e-01
-9.726529681292379603e-01
-6.704091288447098229e-01
-2.337304286370548434e-01
1.145810462300722865e-01
-9.375099985076166265e-01
-1.287382909944706944e+00
-1.707034917318640321e+00
-1.995188531670428977e+00
-9.885750833214586031e-01
-1.273839065557261119e+00
-1.830211230152104296e+00
-1.466431374564413748e+00
-1.926274277051233330e+00
-2.264111738455484968e+00
-2.105461035398369152e+00
-1.661921541767044985e+00
-1.281713836762825132e+00
-1.664830466600780934e+00
-2.285629998779992178e+00
-2.066296190691933710e+00
-1.223898024075279256e+00
-8.437189932004764970e-01
-6.830552765704867024e-01
-9.041809575327055537e-01
-1.811932280483785851e+00
-5.260328636778418554e-01
-4.006340481929016595e-01
-1.712512005938237047e-01
-3.651716696377996230e-03
-2.357694681911200463e-01
2.021874197743017409e-01
6.022316062993799957e-01
-4.901980420102518970e-02
4.446950195617883628e-01
7.960368201266407873e-01
6.579655636856278633e-01
1.144773347689469922e+00
1.277127079632436324e+00
1.227121637544680732e+00
8.341941558250371980e-01
8.876396358294162958e-01
-2.755764002777148503e-01
2.974511970798182636e-01
-4.750844054511778047e-01
4.218399173005626945e-01
-1.523261463759412737e-01
7.479112517872023302e-02
3.825699173527579156e-01
8.673259542725453297e-01
5.925008784015749486e-01
1.252222714701066719e-01
-5.494051942201180067e-02
-8.420800607493048595e-01
-2.950613055523463313e-01
4.950058922158458996e-01
-6.948800109583009969e-03
2.826750682535053016e-01
-1.033016632479833857e-01
2.817704264794085312e-01
6.627202199765520607e-01
7.399169654767754345e-01
6.076548249573021643e-01
7.159926590682403891e-01
6.472334760005010734e-01
7.330730854932772100e-01
4.194523093993601792e-01
7.463957102717604375e-01
7.295803724577474281e-01
6.063014842251668313e-01
-6.814432217566090966e-01
-1.257941460870842132e+00
-1.729502338441496478e+00
-7.109417975972419645e-01
-9.056229537239148808e-01
-5.185409601132888735e-01
3.150343651994705341e-01
4.071359372247768116e-01
4.370686317988031200e-01
5.316463349751052725e-01
3.598283808638081394e-01
1.125835193567505055e+00
9.641869441087917991e-01
4.603511660733206612e-01
1.143628018079955400e+00
6.440417754611220680e-01
6.727480868000250691e-01
8.422316897645448774e-01
1.183428611857245016e+00
9.236061831976167813e-01
4.448765487917077932e-01
7.575475531146587116e-01
-4.276982514455427986e-01
2.116097389466658762e-01
5.724093246701861259e-01
7.061151872053281764e-01
4.989192820763428959e-01
5.159594535835577700e-01
3.358106716677477510e-01
3.238402962686964814e-01
3.096170729888022555e-01
4.729626401521336287e-01
2.751405050996310608e-01
9.076868535530188131e-01
1.009817716075149585e+00
-2.469504216624265336e-01
5.641359623772312926e-01
-1.136435667208616440e+00
-2.387931673192439652e-01
4.634815415600312405e-01
7.971593868725548315e-01
7.016877267386411043e-01
1.081432119424073246e+00
8.700836876496524930e-01
4.971022804999523231e-02
4.603786428899426797e-01
1.129092676817247121e+00
1.183037194816579873e+00
7.712924663231182087e-01
-1.680738300350985981e-01
-8.111370274713569639e-01
-1.927156607312774383e+00
-2.225430249241048042e+00
-4.687574575679755440e-01
6.432897152942982366e-01
7.015811976065589040e-01
-1.003350970468205539e+00
-2.177301604266536295e+00
-1.781141579055222746e+00
-7.415390041748608496e-01
-5.800616367057519485e-01
-4.901424198814936517e-01
-3.370005509503108954e-01
-5.191264342549457567e-01
-2.413231320052894868e-01
3.530722084184360621e-01
2.501741907017493993e-01
3.731950697883219537e-01
4.318537351092243126e-01
3.929099845930663082e-01
7.067776383957918851e-01
3.803874702890789328e-01
6.204527182992807255e-01
9.395522142520582598e-01
9.200081892714957466e-01
9.781466117611914424e-01
1.183563109134999181e+00
1.268473578267306667e+00
1.210883888820118326e+00
-9.369584892736204651e-02
-6.048509371559057657e-02
1.231256000148315821e-01
-1.368150221266259070e+00
-1.991581048459762693e+00
-2.788283177401758017e+00
-3.100410042176781289e+00
-1.016301818599350870e+00
1.111614513497790752e-01
6.629663913272173525e-01
6.913110320754461968e-01
8.147151636606874137e-01
8.796539958175784157e-01
8.877236473616803014e-01
7.963661073687741121e-01
7.338699228894924875e-01
8.374441361452340526e-01
7.908166165364880484e-01
2.523342409587626678e-01
-2.912054799046241982e-01
-1.291226584920601717e+00
-1.757208319347157266e+00
-2.101900809081239441e+00
-1.957350941207674389e+00
-1.222426369471258933e+00
-9.583514980061336175e-01
-8.400099220580874437e-01
-1.858997657959244432e+00
-1.053369208901520526e+00
-2.160961554089503300e-01
1.865717238841408110e-01
8.622366382386196237e-01
5.404780658199368482e-01
1.848108085325027572e-01
1.985971536975877083e-01
-5.068580806673115419e-02
-1.327944421143270048e-01
6.821329026006328622e-02
5.051573962227335901e-01
5.180905389138834582e-01
4.934507594546623244e-01
5.026495591849023531e-02
-6.495341526200266724e-01
5.286571817163651099e-01
8.022850772762077920e-01
1.076824858461771672e+00
1.266903246967987950e+00
1.414935107851255758e+00
1.337399263870498345e+00
1.371010866287799113e+00
1.238818567979681262e+00
1.534645495539719739e+00
1.409000664858885088e+00
1.454561653867157078e+00
1.483087680779604067e+00
1.578591185536729835e+00
1.431680372734576601e+00
1.474892276764666166e+00
1.580006548756836882e+00
1.795104794673840543e+00
1.666265030288931248e+00
1.671397034102652057e+00
1.711791695929103296e+00
1.723548255510283234e+00
1.263828238713840424e+00
1.765615788021769994e+00
1.607373038803948218e+00
1.418182114502350100e+00
1.494450282657956652e+00
1.450851404042200032e+00
1.572177800668727699e+00
1.623362290042376088e+00
1.764042256964079236e+00
1.609639786073337353e+00
1.891507045349352767e+00
1.572958279522954195e+00
1.100056763300056861e+00
-1.764471538392785588e-01
-1.862065420218514955e+00
-2.396551735721702769e+00
-1.976170417519623079e+00
-2.728367095362130179e+00
1.095040025817568541e-01
7.617852429821003746e-01
7.092020474675920783e-01
3.554003466807897915e-01
6.987627013715711488e-01
8.088908215489113429e-01
7.937590031840847660e-01
8.608779411673614934e-01
2.261751582749398914e-01
2.409132829562578570e-01
3.113468914923544009e-02
1.373808367149124687e-01
5.096945664324945557e-01
-2.835929259881966313e-01
-5.707179526603602948e-01
1.493126381867599939e-01
6.979187039324575847e-01
9.434399423418096120e-01
4.232350184492694734e-01
6.285821103939164267e-01
5.524929510808543887e-01
9.443417768586475081e-01
1.028994258737743639e+00
1.277202782689042859e+00
1.332341690480451035e+00
5.384919578698045273e-01
1.041720826577102299e+00
1.496553233991527065e+00
1.401807343349319446e+00
1.135719629003716813e+00
8.486798431689510647e-01
8.212564539614963799e-01
1.072313833892551749e+00
9.669501900905999037e-01
1.056588216316884932e+00
1.195191886025960937e+00
1.256717608284900756e+00
1.242334317253596332e+00
1.308173872163010287e+00
1.324762549090586106e+00
5.114977656736781064e-01
7.689083024485678930e-01
1.120914388695030794e+00
-1.545346468952438990e+00
-1.436789983270649440e+00
-1.247525534291596738e+00
-2.382070091366660924e-01
-8.888912430074111803e-01
2.077220816395982106e-01
4.200310893758066322e-01
2.131230942130480366e-01
9.763807632782652846e-01
9.437207954102362351e-01
1.202222877112112842e+00
1.468716378323652094e+00
1.526298689934764141e+00
1.045478630532487241e+00
6.384483681969719271e-01
5.157626219954905000e-01
-9.002172970345636571e-01
-1.574726825667588592e+00
-2.363631482895099722e+00
-2.095555774409447292e+00
-4.299788793151637645e-02
-2.014817287145485913e+00
-2.065959827152671124e+00
-7.030079627621931282e-01
-5.685707487282291028e-01
-1.786080025681860084e+00
-2.812333579439803000e+00
-2.002376434932895855e+00
-1.157026526341194517e+00
-5.905084940328940712e-01
-7.614105819275469866e-02
7.838152294605124637e-02
-2.495106746061168113e-01
-6.261597257387505611e-01
-7.520746537163451872e-01
-4.510011404836076522e-03
4.826354110893028571e-01
7.917545868853481661e-01
9.428893199411390036e-01
9.073529075263667698e-01
1.011916050479974682e+00
9.325005146497886699e-01
1.016785927560962977e+00
2.582878842817826204e-01
5.104942348452569112e-01
-3.584292566104285149e-01
3.169847693126291999e-01
5.023850214867326969e-01
2.693560962756672561e-01
5.504709663383102747e-01
9.151594512964451589e-01
9.252936654486867418e-01
3.041593864451840323e-01
1.130817478782594421e+00
8.252489357215366805e-01
8.348182631204531523e-01
1.802523378189404835e-01
3.128843712862422466e-01
1.755307566317231838e-01
1.860480356645445588e-01
1.423369492689093296e-01
-1.251117754897547840e+00
-9.305210319688368426e-01
-1.913616285947337570e+00
-2.258632076742386197e+00
-1.182220654808873395e+00
-8.014187780031084563e-01
-8.159003845333725469e-01
-2.359483236993382249e+00
-7.751432805758911027e-01
-1.349016229501903030e+00
-2.355315820748798750e+00
-4.324669193096299935e-01
-1.321559804278124861e-01
-4.020634198392587511e-01
-3.344273350921247445e-01
-9.591316680744408352e-01
-9.505224414848794101e-01
8.172581677508256037e-02
-9.843232749347008426e-01
-1.323883983106550311e+00
-2.099991241969468181e+00
-1.450407305839390038e+00
-1.795826185156553123e+00
-5.062867511544746346e-01
-2.591217319800596552e+00
-9.015724841311265614e-01
-1.801355628238949347e+00
-1.764497123343773843e+00
-6.825700271318793644e-02
1.023992564095000724e+00
1.224354235589197204e+00
1.382319367469794447e+00
1.136915310255505851e+00
7.955674482899275368e-01
-3.124151245231984175e-01
-1.172172088290654779e+00
-6.288342641365912700e-01
2.618478918772579878e-01
8.038613818885204099e-01
7.747004861381721064e-01
-1.406162450633124283e+00
-3.721985185469484092e-01
4.422959836814353007e-01
6.528418133344608965e-01
1.032324879045128041e+00
1.039125174858843925e+00
1.044053899148871034e+00
1.196511688582094335e+00
8.546400915834360124e-01
1.192701423042051179e+00
9.744592013854744827e-01
8.705838788491657709e-01
8.311776600918043822e-01
7.858577244021187624e-01
-6.282477454051280663e-01
-2.321315961951141704e-01
5.013244986478977427e-01
1.048644652520983378e+00
3.785410856682778213e-01
-5.418206798012370484e-01
-2.771675378874873363e+00
-1.099326938090969374e+00
-2.950136479328607439e-02
-5.982295966911950202e-01
8.452265293027207971e-01
9.980906920878382937e-01
7.312656229754379567e-01
2.041632217873361535e-02
-9.616979835052610892e-02
-1.031860560691491568e-01
-6.090237527587452071e-01
1.959409697923656934e-01
8.029410273962639399e-01
7.902793617610737176e-01
3.608941738422971612e-01
5.628840951232375600e-01
7.078782810434763872e-01
7.363678116416867425e-01
3.243977525074973611e-01
-8.745300872603289921e-01
-4.858223880883093537e-01
-1.492025701642492042e+00
-2.173807935359323373e+00
-2.520423999754082267e+00
-7.268618948412608471e-01
-2.247225323731706137e+00
-4.320368126229124917e-01
4.414745528138366293e-01
8.807800694192533530e-01
7.608843974975669777e-01
4.957805239421496646e-01
6.427460167128944413e-01
-1.156771922544706510e-01
5.828640840058740835e-01
8.067796645395461930e-01
3.004575252061467694e-01
-1.057149570334321886e+00
-5.191109792566095393e-01
3.160032020948277259e-02
-2.138145607382172797e-01
-2.419584243928931677e+00
-6.006250631384499883e-01
-1.513969493010874912e+00
-4.368956031266310047e-01
4.457178625178012665e-01
1.221841162537078862e+00
1.081969361976949928e+00
7.941351635450663027e-01
-1.176879869463403949e+00
-5.362971195149706105e-01
5.116190699022200583e-01
3.543621731476607334e-02
-2.024818487909453513e+00
-2.851926803079833928e-01
-4.788098688956240467e-01
-1.079400852148670431e+00
2.903629999964393305e-01
2.906891584444818433e-01
-2.022199200568238986e+00
-1.773409205153346324e+00
-2.851240422125864704e+00
-2.231334352335144100e+00
-8.680913300642769670e-01
-1.070431545587341882e+00
-6.768882508833637957e-01
-5.502333276049431454e-01
-4.860482746035175716e-01
-3.586925906267529607e-01
-3.856584951959496910e-01
-4.269597531740951940e-02
-6.031298514303164993e-01
2.159062968314970909e-01
1.713798547004417028e-01
4.219811836521853432e-01
4.748204817618807971e-01
1.821731386661379348e-01
-4.699087013918038513e-01
-5.790280275260620280e-02
-4.880628639005556435e-01
-1.424749479887830628e+00
-3.145694388655402851e-01
-4.749375522127499138e-01
-5.556103214190755146e-01
-1.235392310863569210e-01
-8.327180278525150303e-01
-5.032025276131879554e-01
4.216989436063989238e-02
7.112685154487622397e-01
7.993573810891128062e-01
8.261409615996523348e-01
6.915372086153837028e-01
8.508245651698722600e-01
1.682648230797598454e-01
-1.157996561125844703e-01
-5.921705168810191544e-02
-3.653019742539875825e-01
-3.057810421159268266e-01
9.390337294200309937e-02
3.478475696522103089e-01
1.373361934446588606e-01
-4.492109141294773345e-01
-4.857032602588449155e-01
-1.664160201903757130e+00
-2.822082704301974942e+00
-2.704816521388990758e+00
-2.739740275244086920e+00
-2.630260407554786628e+00
